   1		     11
   1		     21
   3		     31
   5		     41
  10		     51
  12		     59
  12		     67
  14		     77
  17		     87
  18		     97
  19		    107
  19		    117
  29		    127
  30		    137
  30		    147
  34		    157
  37		    167
  37		    177
  38		    187
  38		    197
  38		    207
  39		    217
  42		    227
  44		    237
  48		    247
  49		    256
  50		    266
  52		    276
  53		    286
  53		    296
  56		    306
  57		    316
  58		    326
  60		    336
  62		    346
  63		    356
  66		    366
  67		    376
  69		    386
  70		    396
  72		    406
  73		    416
  74		    426
  75		    436
  76		    446
  77		    456
  77		    466
  78		    476
  81		    485
  83		    495
  84		    505
  85		    515
  86		    525
  87		    535
  90		    541
  93		    551
  94		    561
  94		    571
  94		    581
  96		    591
  96		    601
 107		    611
 108		    621
 109		    631
 110		    641
 113		    651
 114		    661
 114		    671
 115		    681
 116		    691
 116		    701
 116		    711
 117		    721
 118		    731
 118		    741
 120		    751
 122		    761
 123		    771
 124		    781
 124		    791
 127		    801
 127		    811
 128		    821
 129		    831
 131		    841
 131		    851
 136		    861
 139		    871
 140		    881
 142		    891
 149		    901
 150		    911
 150		    921
 151		    931
 152		    941
 158		    951
 159		    961
 160		    971
 161		    981
 164		    991
 168		   1001
 168		   1011
 168		   1021
 168		   1031
 172		   1041
 172		   1051
 176		   1061
 177		   1071
 177		   1081
 178		   1091
 181		   1101
 182		   1111
 183		   1121
 186		   1131
 186		   1141
 186		   1151
 187		   1161
 192		   1171
 192		   1181
 194		   1191
 196		   1201
 202		   1211
 207		   1221
 210		   1231
 212		   1241
 212		   1251
 215		   1261
 216		   1271
 224		   1281
 231		   1291
 237		   1301
 239		   1311
 242		   1321
 244		   1331
 250		   1341
 250		   1351
 254		   1361
 254		   1371
 255		   1381
 256		   1391
 257		   1401
 258		   1411
 259		   1421
 259		   1431
 260		   1441
 260		   1451
 261		   1461
 262		   1466
 263		   1475
 268		   1484
 270		   1494
 272		   1504
 272		   1514
 272		   1524
 276		   1534
 279		   1544
 279		   1554
 282		   1564
 285		   1574
 286		   1584
 287		   1594
 290		   1604
 290		   1614
 292		   1624
 296		   1634
 296		   1644
 296		   1654
 297		   1664
 300		   1674
 303		   1684
 304		   1694
 304		   1704
 304		   1714
 305		   1724
 306		   1734
 310		   1744
 310		   1754
 310		   1764
 313		   1774
 319		   1784
 322		   1794
 323		   1804
 323		   1814
 323		   1824
 326		   1834
 330		   1844
 334		   1854
 335		   1864
 336		   1874
 339		   1884
 347		   1892
 349		   1902
 350		   1912
 352		   1922
 352		   1932
 352		   1942
 353		   1952
 353		   1962
 353		   1972
 356		   1982
 360		   1992
 361		   2002
 370		   2012
 371		   2022
 374		   2032
 376		   2042
 380		   2052
 381		   2062
 385		   2072
 386		   2082
 387		   2092
 391		   2102
 392		   2112
 392		   2122
 396		   2132
 396		   2142
 399		   2152
 399		   2162
 401		   2172
 403		   2182
 404		   2192
 411		   2202
 417		   2212
 418		   2222
 424		   2232
 430		   2242
 431		   2252
 435		   2262
 435		   2272
 435		   2282
 436		   2292
 437		   2302
 440		   2312
 440		   2322
 448		   2332
 450		   2342
 456		   2352
 457		   2362
 460		   2369
 461		   2379
 462		   2389
 468		   2399
 469		   2409
 470		   2419
 471		   2429
 474		   2439
 487		   2449
 488		   2459
 491		   2469
 492		   2477
 494		   2487
 495		   2497
 496		   2507
 498		   2517
 504		   2526
 510		   2536
 512		   2546
 512		   2556
 512		   2566
 512		   2576
 513		   2586
 514		   2596
 516		   2606
 519		   2616
 523		   2626
 524		   2636
 525		   2646
 526		   2656
 528		   2660
 528		   2664
 529		   2673
 530		   2682
 530		   2691
 532		   2700
 533		   2709
 538		   2719
 539		   2729
 540		   2739
 541		   2749
 546		   2759
 549		   2769
 550		   2779
 553		   2789
 555		   2799
 558		   2809
 559		   2819
 563		   2829
 563		   2839
 567		   2849
 569		   2856
 569		   2863
 570		   2873
 573		   2882
 574		   2892
 579		   2902
 579		   2912
 584		   2922
 585		   2932
 587		   2942
 588		   2952
 589		   2962
 591		   2972
 591		   2982
 592		   2992
 593		   3002
 595		   3012
 596		   3020
 596		   3028
 599		   3038
 602		   3048
 604		   3058
 607		   3068
 610		   3078
 613		   3087
 613		   3096
 614		   3106
 615		   3116
 619		   3126
 620		   3136
 620		   3146
 626		   3156
 627		   3166
 629		   3176
 631		   3186
 631		   3196
 634		   3206
 635		   3216
 636		   3226
 637		   3236
 639		   3246
 641		   3256
 642		   3266
 642		   3276
 643		   3286
 644		   3296
 646		   3306
 647		   3316
 655		   3326
 658		   3336
 658		   3346
 659		   3356
 661		   3366
 666		   3376
 669		   3386
 681		   3395
 685		   3405
 686		   3415
 688		   3425
 691		   3435
 696		   3445
 696		   3455
 699		   3465
 701		   3475
 702		   3485
 703		   3495
 707		   3505
 707		   3515
 707		   3525
 709		   3534
 710		   3544
 711		   3554
 715		   3564
 717		   3574
 720		   3584
 721		   3594
 723		   3601
 727		   3611
 731		   3621
 732		   3631
 734		   3641
 734		   3651
 736		   3661
 737		   3671
 737		   3681
 740		   3691
 744		   3701
 751		   3711
 752		   3721
 754		   3731
 757		   3741
 757		   3751
 758		   3761
 758		   3771
 760		   3781
 760		   3791
 762		   3801
 762		   3811
 763		   3821
 763		   3831
 768		   3841
 768		   3851
 769		   3861
 769		   3871
 772		   3881
 773		   3891
 775		   3901
 775		   3911
 777		   3921
 780		   3931
 782		   3941
 788		   3951
 789		   3961
 791		   3971
 791		   3981
 797		   3991
 799		   4001
 799		   4011
 799		   4021
 800		   4031
 800		   4041
 801		   4051
 801		   4061
 804		   4071
 805		   4081
 806		   4091
 816		   4101
 816		   4111
 818		   4121
 820		   4131
 821		   4141
 821		   4151
 824		   4161
 827		   4171
 830		   4181
 835		   4191
 838		   4201
 840		   4211
 843		   4221
 845		   4231
 845		   4241
 847		   4251
 848		   4261
 848		   4271
 853		   4281
 857		   4286
 859		   4296
 865		   4306
 867		   4316
 867		   4326
 867		   4336
 868		   4345
 868		   4354
 869		   4364
 870		   4374
 871		   4384
 872		   4394
 872		   4404
 875		   4414
 876		   4424
 878		   4434
 878		   4444
 879		   4454
 880		   4464
 881		   4474
 882		   4484
 884		   4494
 886		   4502
 886		   4510
 887		   4520
 893		   4530
 896		   4540
 897		   4550
 902		   4560
 908		   4570
 908		   4580
 911		   4590
 911		   4600
 918		   4610
 921		   4620
 926		   4630
 930		   4640
 930		   4650
 936		   4660
 938		   4670
 938		   4680
 939		   4690
 941		   4700
 943		   4710
 946		   4720
 946		   4730
 947		   4740
 947		   4750
 947		   4760
 952		   4768
 952		   4776
 957		   4786
 957		   4796
 958		   4806
 958		   4816
 959		   4826
 959		   4836
 959		   4846
 959		   4856
 959		   4866
 959		   4876
 960		   4886
 960		   4896
 964		   4906
 975		   4916
 975		   4926
 977		   4936
 980		   4946
 982		   4956
 982		   4966
 983		   4976
 983		   4986
 985		   4996
 987		   5006
 992		   5016
 994		   5026
1000		   5036
1002		   5046
1002		   5056
1002		   5066
1004		   5076
1005		   5086
1006		   5096
1008		   5106
1008		   5116
1009		   5126
1009		   5136
1009		   5146
1014		   5156
1018		   5166
1018		   5176
1019		   5186
1021		   5196
1021		   5206
1026		   5216
1027		   5226
1027		   5236
1028		   5246
1028		   5256
1032		   5266
1035		   5276
1042		   5286
1043		   5295
1048		   5305
1053		   5315
1053		   5325
1054		   5335
1055		   5345
1055		   5355
1055		   5365
1058		   5375
1062		   5385
1063		   5392
1068		   5402
1070		   5412
1075		   5422
1079		   5432
1083		   5442
1086		   5452
1087		   5461
1087		   5470
1089		   5480
1089		   5490
1090		   5500
1091		   5510
1092		   5520
1094		   5530
1101		   5540
1103		   5550
1104		   5560
1109		   5570
1110		   5580
1114		   5590
1117		   5600
1120		   5610
1123		   5620
1123		   5630
1125		   5640
1125		   5650
1127		   5659
1132		   5669
1134		   5679
1135		   5689
1136		   5692
1138		   5702
1138		   5712
1142		   5722
1142		   5732
1146		   5742
1147		   5752
1148		   5762
1148		   5772
1149		   5782
1149		   5792
1149		   5802
1153		   5812
1154		   5822
1157		   5832
1160		   5842
1161		   5852
1161		   5862
1166		   5872
1167		   5882
1171		   5892
1172		   5902
1173		   5912
1174		   5922
1179		   5932
1183		   5942
1185		   5952
1186		   5962
1186		   5972
1187		   5982
1187		   5992
1187		   6002
1190		   6012
1191		   6022
1192		   6032
1197		   6042
1198		   6052
1198		   6062
1201		   6072
1203		   6082
1204		   6092
1206		   6102
1209		   6112
1211		   6122
1216		   6132
1216		   6142
1220		   6152
1221		   6162
1224		   6172
1225		   6182
1225		   6192
1234		   6202
1235		   6212
1236		   6222
1238		   6232
1238		   6242
1238		   6252
1243		   6262
1245		   6272
1246		   6282
1246		   6292
1249		   6302
1254		   6312
1254		   6322
1257		   6332
1260		   6342
1264		   6352
1270		   6362
1272		   6372
1275		   6382
1280		   6392
1281		   6402
1284		   6412
1287		   6422
1288		   6432
1295		   6442
1302		   6452
1304		   6462
1304		   6472
1305		   6482
1305		   6492
1306		   6502
1308		   6508
1310		   6518
1313		   6528
1318		   6538
1320		   6548
1320		   6558
1322		   6568
1323		   6578
1324		   6588
1326		   6596
1327		   6606
1334		   6616
1335		   6626
1337		   6636
1343		   6646
1349		   6656
1351		   6666
1352		   6676
1353		   6686
1354		   6696
1354		   6706
1361		   6716
1361		   6726
1365		   6736
1366		   6746
1367		   6756
1376		   6766
1378		   6776
1379		   6786
1381		   6796
1382		   6806
1385		   6816
1386		   6826
1391		   6836
1392		   6846
1394		   6856
1400		   6866
1402		   6876
1409		   6886
1410		   6896
1412		   6906
1413		   6916
1414		   6926
1414		   6936
1417		   6946
1418		   6956
1420		   6966
1423		   6976
1424		   6986
1425		   6996
1429		   7006
1433		   7016
1440		   7026
1442		   7036
1443		   7046
1448		   7056
1448		   7066
1449		   7076
1449		   7086
1451		   7096
1455		   7106
1456		   7116
1459		   7126
1463		   7136
1466		   7146
1467		   7156
1468		   7166
1472		   7176
1475		   7186
1475		   7196
1477		   7206
1478		   7216
1481		   7226
1484		   7236
1485		   7246
1485		   7256
1486		   7261
1486		   7266
1489		   7275
1489		   7284
1492		   7294
1493		   7304
1496		   7314
1497		   7324
1498		   7334
1499		   7344
1502		   7354
1503		   7364
1504		   7374
1511		   7384
1514		   7394
1514		   7404
1515		   7414
1519		   7424
1520		   7434
1520		   7444
1522		   7454
1527		   7464
1528		   7473
1529		   7483
1530		   7493
1530		   7503
1533		   7513
1533		   7523
1534		   7533
1535		   7543
1541		   7553
1544		   7563
1546		   7573
1548		   7583
1549		   7593
1551		   7603
1554		   7613
1554		   7623
1555		   7633
1556		   7643
1558		   7653
1559		   7663
1563		   7673
1564		   7683
1564		   7693
1565		   7703
1567		   7713
1568		   7723
1568		   7733
1568		   7743
1571		   7753
1577		   7763
1583		   7773
1584		   7783
1586		   7793
1589		   7803
1590		   7813
1591		   7823
1598		   7833
1598		   7843
1601		   7853
1604		   7863
1604		   7873
1605		   7883
1608		   7893
1610		   7903
1614		   7913
1614		   7923
1616		   7933
1616		   7943
1625		   7953
1626		   7963
1631		   7973
1631		   7983
1632		   7993
1633		   8003
1638		   8013
1638		   8023
1641		   8033
1642		   8043
1643		   8053
1647		   8063
1648		   8071
1652		   8081
1653		   8091
1653		   8101
1655		   8111
1659		   8121
1660		   8131
1662		   8141
1664		   8151
1665		   8161
1666		   8171
1676		   8181
1679		   8191
1682		   8200
1688		   8210
1689		   8220
1690		   8230
1690		   8240
1694		   8250
1694		   8260
1698		   8270
1700		   8280
1704		   8290
1707		   8300
1708		   8310
1710		   8320
1712		   8330
1721		   8340
1726		   8350
1726		   8360
1727		   8370
1728		   8380
1729		   8390
1735		   8400
1735		   8410
1736		   8420
1738		   8430
1741		   8440
1742		   8450
1742		   8460
1742		   8470
1743		   8480
1743		   8490
1743		   8500
1744		   8510
1745		   8520
1745		   8530
1745		   8540
1746		   8548
1746		   8556
1749		   8566
1749		   8576
1751		   8586
1751		   8596
1752		   8606
1752		   8616
1754		   8626
1756		   8636
1759		   8646
1759		   8656
1759		   8666
1761		   8676
1761		   8686
1763		   8696
1763		   8706
1764		   8716
1765		   8726
1768		   8736
1770		   8746
1773		   8756
1774		   8766
1776		   8775
1777		   8785
1784		   8795
1786		   8805
1789		   8815
1790		   8825
1792		   8835
1794		   8845
1794		   8855
1794		   8865
1796		   8872
1797		   8882
1801		   8892
1804		   8902
1806		   8912
1809		   8922
1811		   8932
1813		   8942
1816		   8952
1820		   8962
1825		   8972
1825		   8982
1832		   8992
1834		   9002
1840		   9012
1842		   9022
1847		   9032
1850		   9042
1851		   9052
1852		   9062
1856		   9072
1859		   9082
1861		   9092
1862		   9102
1867		   9112
1868		   9122
1873		   9132
1876		   9142
1876		   9152
1877		   9162
1877		   9172
1878		   9182
1878		   9192
1879		   9202
1882		   9212
1884		   9222
1884		   9232
1884		   9242
1886		   9251
1892		   9255
1894		   9264
1894		   9273
1899		   9283
1900		   9293
1902		   9303
1905		   9313
1909		   9323
1914		   9333
1917		   9343
1921		   9353
1924		   9363
1924		   9373
1924		   9383
1925		   9393
1925		   9403
1926		   9413
1927		   9423
1929		   9433
1929		   9443
1931		   9453
1932		   9463
1933		   9473
1937		   9483
1940		   9493
1940		   9503
1941		   9513
1941		   9523
1942		   9533
1948		   9543
1953		   9553
1955		   9563
1956		   9573
1956		   9583
1956		   9593
1957		   9603
1958		   9613
1964		   9623
1968		   9633
1973		   9643
1975		   9653
1975		   9663
1976		   9673
1977		   9683
1979		   9693
1981		   9703
1982		   9713
1983		   9723
1983		   9733
1986		   9743
1986		   9753
1988		   9763
1989		   9773
1990		   9783
1990		   9793
1991		   9803
1991		   9813
1992		   9823
1995		   9833
1996		   9843
1996		   9853
1996		   9863
2000		   9873
2000		   9883
2001		   9893
2008		   9903
2011		   9913
2013		   9923
2014		   9933
2024		   9943
2025		   9953
2029		   9963
2032		   9973
2034		   9983
2035		   9993
2037		  10003
2037		  10013
2038		  10023
2039		  10033
2040		  10043
2042		  10053
2042		  10063
2043		  10073
2043		  10083
2050		  10093
2050		  10103
2053		  10113
2055		  10123
2056		  10133
2056		  10143
2058		  10153
2060		  10163
2061		  10173
2061		  10183
2063		  10193
2069		  10203
2069		  10213
2069		  10223
2071		  10233
2072		  10243
2073		  10253
2074		  10263
2074		  10273
2082		  10283
2086		  10293
2091		  10303
2092		  10313
2095		  10323
2100		  10333
2101		  10343
2101		  10353
2103		  10363
2104		  10373
2104		  10383
2109		  10393
2110		  10403
2110		  10413
2111		  10423
2111		  10433
2118		  10443
2120		  10453
2124		  10463
2132		  10473
2140		  10483
2141		  10493
2141		  10503
2147		  10513
2151		  10523
2152		  10533
2154		  10543
2155		  10553
2157		  10563
2158		  10573
2159		  10583
2160		  10593
2161		  10603
2164		  10613
2166		  10623
2167		  10633
2172		  10642
2173		  10652
2173		  10662
2176		  10672
2181		  10682
2186		  10692
2187		  10702
2189		  10712
2190		  10722
2190		  10732
2192		  10742
2196		  10752
2196		  10762
2197		  10772
2199		  10782
2200		  10792
2202		  10802
2203		  10812
2203		  10822
2206		  10832
2206		  10842
2210		  10852
2210		  10862
2211		  10872
2212		  10882
2215		  10891
2218		  10901
2225		  10911
2227		  10921
2234		  10931
2234		  10941
2244		  10951
2247		  10961
2251		  10971
2251		  10981
2254		  10991
2255		  11001
2256		  11011
2260		  11016
2267		  11026
2269		  11036
2269		  11046
2271		  11056
2271		  11066
2272		  11076
2273		  11086
2275		  11096
2277		  11106
2280		  11116
2280		  11126
2283		  11136
2286		  11146
2288		  11156
2289		  11166
2290		  11176
2292		  11184
2292		  11192
2293		  11202
2293		  11212
2296		  11222
2296		  11232
2297		  11242
2298		  11251
2298		  11260
2299		  11270
2300		  11280
2300		  11290
2302		  11300
2303		  11310
2305		  11320
2307		  11330
2308		  11340
2310		  11350
2313		  11360
2315		  11370
2320		  11380
2322		  11390
2324		  11400
2326		  11410
2326		  11420
2327		  11430
2327		  11440
2327		  11450
2328		  11460
2328		  11470
2331		  11480
2331		  11490
2334		  11500
2334		  11510
2335		  11520
2337		  11530
2337		  11540
2339		  11550
2345		  11560
2346		  11570
2346		  11580
2347		  11590
2348		  11600
2349		  11610
2351		  11620
2353		  11630
2362		  11639
2366		  11649
2368		  11659
2373		  11669
2376		  11679
2376		  11689
2376		  11699
2377		  11709
2381		  11719
2381		  11729
2382		  11739
2383		  11749
2386		  11759
2386		  11769
2393		  11779
2394		  11789
2394		  11799
2394		  11809
2400		  11819
2402		  11829
2404		  11839
2407		  11849
2408		  11859
2409		  11869
2414		  11879
2417		  11889
2417		  11899
2418		  11909
2420		  11919
2424		  11929
2426		  11939
2427		  11949
2428		  11959
2428		  11969
2429		  11979
2431		  11989
2431		  11999
2432		  12009
2437		  12019
2438		  12029
2438		  12039
2439		  12049
2439		  12059
2440		  12069
2441		  12079
2443		  12089
2450		  12099
2451		  12109
2458		  12119
2459		  12129
2461		  12139
2463		  12149
2464		  12159
2467		  12169
2467		  12179
2470		  12189
2470		  12199
2472		  12209
2473		  12219
2475		  12229
2475		  12239
2478		  12249
2481		  12259
2483		  12269
2483		  12279
2484		  12289
2485		  12299
2486		  12309
2490		  12319
2491		  12329
2493		  12339
2493		  12349
2493		  12359
2493		  12369
2494		  12379
2496		  12389
2496		  12399
2496		  12409
2496		  12419
2497		  12429
2498		  12439
2499		  12449
2500		  12459
2501		  12469
2505		  12479
2507		  12489
2508		  12499
2512		  12509
2512		  12519
2515		  12529
2515		  12539
2523		  12549
2525		  12559
2530		  12569
2531		  12579
2533		  12589
2538		  12599
2538		  12609
2540		  12619
2541		  12629
2547		  12639
2551		  12649
2553		  12659
2553		  12669
2557		  12679
2557		  12689
2557		  12699
2559		  12709
2560		  12719
2563		  12729
2563		  12739
2564		  12749
2566		  12759
2568		  12769
2570		  12779
2580		  12788
2582		  12797
2582		  12806
2584		  12815
2585		  12824
2586		  12833
2587		  12842
2587		  12851
2589		  12861
2589		  12871
2590		  12881
2591		  12891
2592		  12901
2594		  12911
2596		  12921
2601		  12931
2603		  12941
2604		  12951
2606		  12961
2606		  12971
2612		  12981
2613		  12991
2617		  13001
2619		  13011
2619		  13021
2620		  13031
2621		  13041
2623		  13051
2626		  13061
2631		  13071
2633		  13081
2634		  13091
2638		  13101
2639		  13111
2639		  13121
2643		  13131
2644		  13141
2646		  13151
2649		  13161
2649		  13171
2650		  13181
2650		  13191
2652		  13201
2654		  13211
2657		  13221
2659		  13231
2660		  13241
2661		  13251
2663		  13261
2667		  13271
2669		  13281
2669		  13291
2671		  13301
2671		  13311
2672		  13321
2676		  13331
2679		  13341
2686		  13351
2690		  13361
2692		  13371
2695		  13381
2697		  13391
2699		  13401
2700		  13411
2700		  13421
2701		  13431
2704		  13441
2709		  13451
2709		  13461
2710		  13471
2711		  13481
2715		  13490
2718		  13500
2719		  13510
2720		  13520
2720		  13530
2722		  13540
2723		  13550
2724		  13560
2726		  13570
2728		  13580
2733		  13590
2734		  13600
2738		  13610
2741		  13620
2742		  13630
2743		  13640
2751		  13650
2752		  13660
2754		  13669
2760		  13679
2760		  13689
2761		  13699
2763		  13709
2763		  13719
2765		  13729
2766		  13739
2770		  13749
2772		  13759
2774		  13769
2775		  13779
2777		  13789
2777		  13799
2780		  13809
2780		  13819
2781		  13829
2784		  13839
2784		  13849
2786		  13859
2788		  13869
2789		  13879
2789		  13889
2790		  13899
2795		  13909
2798		  13919
2799		  13929
2799		  13939
2800		  13949
2802		  13959
2803		  13969
2806		  13979
2811		  13989
2812		  13999
2815		  14009
2816		  14019
2819		  14029
2819		  14039
2830		  14049
2831		  14059
2833		  14069
2833		  14079
2835		  14089
2835		  14099
2836		  14109
2843		  14119
2843		  14129
2844		  14139
2847		  14149
2850		  14159
2851		  14169
2853		  14179
2853		  14189
2854		  14199
2856		  14209
2857		  14219
2857		  14229
2860		  14239
2861		  14249
2866		  14259
2869		  14269
2873		  14279
2876		  14289
2878		  14299
2878		  14309
2880		  14319
2886		  14329
2888		  14339
2892		  14349
2893		  14359
2894		  14369
2900		  14379
2902		  14384
2902		  14389
2904		  14398
2905		  14408
2906		  14418
2908		  14428
2908		  14438
2909		  14448
2912		  14458
2915		  14468
2916		  14478
2916		  14488
2918		  14498
2918		  14508
2921		  14516
2924		  14526
2927		  14536
2929		  14546
2930		  14556
2932		  14566
2932		  14576
2933		  14586
2933		  14596
2934		  14606
2936		  14616
2939		  14626
2940		  14636
2941		  14646
2942		  14656
2943		  14666
2944		  14676
2944		  14686
2945		  14696
2949		  14706
2949		  14716
2951		  14723
2956		  14733
2957		  14743
2957		  14753
2958		  14763
2958		  14773
2958		  14783
2959		  14793
2964		  14803
2965		  14813
2972		  14823
2972		  14833
2973		  14843
2974		  14853
2975		  14863
2975		  14873
2976		  14883
2977		  14893
2978		  14903
2980		  14913
2981		  14923
2983		  14933
2983		  14943
2986		  14953
2992		  14963
2992		  14973
2993		  14983
2995		  14993
2996		  15001
2999		  15011
2999		  15021
3002		  15031
3002		  15041
3003		  15051
3007		  15061
3007		  15071
3008		  15081
3010		  15091
3015		  15101
3016		  15111
3017		  15121
3018		  15131
3021		  15141
3022		  15151
3022		  15161
3023		  15171
3023		  15181
3023		  15191
3024		  15201
3026		  15211
3031		  15221
3032		  15231
3036		  15241
3036		  15251
3037		  15261
3037		  15271
3038		  15281
3042		  15291
3043		  15301
3043		  15311
3044		  15321
3046		  15331
3046		  15341
3049		  15351
3050		  15361
3053		  15371
3054		  15381
3058		  15391
3059		  15397
3062		  15407
3063		  15417
3064		  15427
3069		  15437
3069		  15447
3069		  15457
3072		  15467
3073		  15476
3078		  15486
3078		  15496
3078		  15506
3079		  15516
3080		  15526
3080		  15536
3081		  15546
3081		  15556
3083		  15566
3088		  15576
3088		  15586
3090		  15596
3091		  15606
3094		  15616
3098		  15626
3101		  15636
3102		  15646
3102		  15656
3107		  15666
3111		  15676
3118		  15686
3124		  15696
3124		  15706
3127		  15716
3130		  15726
3133		  15736
3134		  15746
3137		  15756
3141		  15766
3143		  15776
3146		  15786
3147		  15796
3149		  15806
3150		  15816
3150		  15826
3151		  15836
3156		  15846
3157		  15856
3157		  15866
3159		  15876
3162		  15886
3163		  15896
3163		  15906
3165		  15916
3165		  15926
3165		  15936
3169		  15946
3171		  15956
3171		  15966
3172		  15976
3172		  15986
3172		  15996
3174		  16006
3179		  16016
3179		  16026
3181		  16036
3182		  16046
3183		  16056
3185		  16066
3185		  16076
3187		  16086
3188		  16096
3190		  16105
3190		  16114
3193		  16124
3193		  16134
3193		  16144
3195		  16154
3198		  16164
3198		  16174
3198		  16184
3200		  16194
3201		  16204
3202		  16208
3202		  16212
3202		  16216
3203		  16225
3205		  16234
3213		  16244
3215		  16254
3219		  16264
3220		  16274
3221		  16284
3225		  16294
3228		  16304
3236		  16314
3241		  16324
3244		  16334
3245		  16344
3253		  16354
3255		  16364
3256		  16374
3257		  16384
3259		  16394
3268		  16404
3271		  16414
3271		  16424
3280		  16434
3281		  16444
3281		  16454
3286		  16464
3287		  16474
3287		  16484
3288		  16494
3290		  16504
3292		  16514
3293		  16524
3294		  16534
3295		  16544
3295		  16554
3296		  16564
3297		  16574
3301		  16584
3302		  16594
3303		  16603
3303		  16612
3307		  16622
3308		  16632
3315		  16642
3315		  16652
3316		  16662
3316		  16672
3316		  16682
3319		  16692
3320		  16702
3320		  16712
3321		  16722
3327		  16732
3328		  16742
3328		  16752
3332		  16762
3333		  16772
3333		  16782
3338		  16792
3339		  16802
3346		  16812
3347		  16822
3348		  16830
3348		  16838
3349		  16848
3354		  16858
3362		  16868
3363		  16878
3364		  16888
3369		  16898
3370		  16908
3370		  16918
3370		  16928
3373		  16938
3375		  16948
3378		  16958
3381		  16968
3385		  16978
3390		  16988
3391		  16998
3393		  17008
3397		  17018
3398		  17028
3398		  17038
3399		  17048
3400		  17058
3403		  17068
3403		  17078
3403		  17088
3412		  17098
3413		  17108
3415		  17118
3415		  17128
3418		  17138
3418		  17148
3419		  17158
3421		  17168
3422		  17178
3426		  17187
3428		  17197
3428		  17207
3428		  17217
3428		  17227
3435		  17237
3437		  17244
3439		  17254
3441		  17264
3444		  17274
3444		  17284
3445		  17294
3446		  17304
3446		  17314
3446		  17324
3447		  17334
3454		  17344
3458		  17354
3458		  17364
3461		  17374
3461		  17384
3465		  17392
3465		  17400
3469		  17410
3474		  17420
3476		  17430
3480		  17440
3482		  17450
3483		  17460
3484		  17470
3485		  17480
3485		  17490
3486		  17500
3487		  17510
3489		  17520
3491		  17530
3492		  17540
3493		  17549
3494		  17559
3495		  17569
3501		  17579
3501		  17589
3503		  17599
3503		  17609
3506		  17614
3510		  17624
3513		  17634
3515		  17644
3515		  17654
3518		  17664
3519		  17674
3522		  17684
3523		  17694
3524		  17704
3528		  17714
3529		  17724
3532		  17734
3533		  17744
3534		  17754
3537		  17764
3537		  17774
3537		  17784
3538		  17794
3540		  17804
3541		  17813
3542		  17823
3544		  17833
3554		  17843
3555		  17853
3556		  17863
3558		  17873
3558		  17883
3558		  17893
3566		  17903
3566		  17913
3567		  17923
3576		  17933
3579		  17943
3580		  17953
3589		  17962
3590		  17972
3590		  17982
3591		  17992
3593		  18002
3596		  18012
3598		  18022
3604		  18032
3605		  18042
3605		  18052
3606		  18062
3606		  18072
3608		  18082
3610		  18092
3611		  18102
3621		  18112
3623		  18122
3624		  18132
3628		  18142
3630		  18152
3630		  18162
3631		  18172
3633		  18182
3633		  18192
3634		  18202
3637		  18212
3638		  18222
3640		  18232
3642		  18242
3644		  18252
3645		  18262
3645		  18272
3652		  18282
3654		  18292
3658		  18302
3660		  18312
3661		  18322
3661		  18332
3662		  18342
3662		  18352
3666		  18362
3667		  18372
3669		  18382
3669		  18392
3674		  18402
3674		  18412
3677		  18422
3678		  18432
3679		  18442
3681		  18451
3682		  18461
3683		  18471
3683		  18481
3693		  18491
3694		  18501
3694		  18511
3696		  18521
3700		  18531
3700		  18541
3702		  18551
3703		  18561
3705		  18571
3708		  18581
3718		  18591
3720		  18601
3725		  18611
3726		  18621
3726		  18631
3727		  18641
3727		  18651
3731		  18661
3736		  18671
3745		  18681
3748		  18691
3748		  18701
3750		  18711
3757		  18721
3759		  18731
3760		  18741
3760		  18751
3761		  18761
3763		  18771
3764		  18781
3764		  18791
3766		  18801
3766		  18811
3768		  18820
3769		  18830
3770		  18840
3778		  18850
3782		  18860
3785		  18870
3786		  18880
3786		  18890
3787		  18900
3787		  18910
3789		  18920
3790		  18930
3797		  18940
3799		  18950
3804		  18960
3805		  18970
3807		  18980
3810		  18990
3812		  19000
3814		  19010
3817		  19020
3818		  19030
3819		  19040
3823		  19050
3825		  19060
3828		  19070
3828		  19080
3829		  19090
3831		  19100
3832		  19110
3837		  19120
3840		  19130
3842		  19140
3842		  19150
3846		  19160
3847		  19170
3847		  19180
3847		  19190
3849		  19200
3852		  19210
3855		  19220
3856		  19230
3858		  19233
3860		  19242
3861		  19251
3865		  19260
3868		  19270
3870		  19280
3870		  19290
3871		  19300
3872		  19310
3873		  19320
3877		  19330
3878		  19340
3879		  19350
3880		  19360
3880		  19370
3881		  19378
3882		  19388
3882		  19398
3884		  19408
3884		  19418
3885		  19428
3886		  19438
3891		  19448
3899		  19458
3899		  19468
3902		  19478
3904		  19488
3907		  19498
3907		  19508
3908		  19518
3914		  19528
3916		  19538
3917		  19548
3917		  19558
3918		  19568
3919		  19578
3921		  19588
3923		  19598
3924		  19608
3924		  19618
3925		  19628
3931		  19638
3933		  19648
3934		  19658
3938		  19668
3938		  19678
3939		  19688
3939		  19698
3940		  19706
3941		  19716
3942		  19726
3946		  19736
3949		  19746
3950		  19755
3953		  19765
3954		  19775
3956		  19785
3958		  19795
3958		  19805
3960		  19815
3964		  19825
3968		  19835
3969		  19845
3969		  19855
3969		  19865
3970		  19871
3970		  19877
3978		  19887
3979		  19897
3983		  19907
3989		  19917
3990		  19927
3990		  19937
3990		  19947
3994		  19957
3996		  19966
3998		  19976
4003		  19986
4008		  19996
4010		  20006
4011		  20016
4011		  20026
4015		  20036
4017		  20046
4018		  20054
4018		  20062
4026		  20072
4026		  20082
4029		  20092
4030		  20101
4031		  20111
4037		  20121
4039		  20131
4042		  20141
4042		  20151
4045		  20161
4046		  20171
4049		  20181
4055		  20191
4057		  20201
4057		  20211
4062		  20221
4067		  20230
4069		  20240
4069		  20250
4069		  20260
4070		  20270
4070		  20280
4071		  20290
4073		  20300
4080		  20310
4081		  20320
4082		  20330
4082		  20340
4083		  20350
4087		  20360
4088		  20370
4089		  20380
4089		  20390
4091		  20400
4091		  20410
4095		  20420
4096		  20430
4097		  20440
4098		  20448
4098		  20456
4098		  20464
4100		  20474
4100		  20484
4105		  20494
4105		  20504
4107		  20514
4107		  20524
4107		  20534
4109		  20544
4111		  20554
4112		  20564
4112		  20574
4112		  20584
4114		  20594
4122		  20604
4123		  20614
4124		  20624
4125		  20634
4129		  20644
4130		  20654
4131		  20664
4132		  20674
4133		  20684
4136		  20694
4137		  20704
4139		  20714
4140		  20724
4140		  20734
4145		  20744
4146		  20754
4146		  20764
4148		  20774
4149		  20784
4150		  20794
4151		  20804
4154		  20813
4158		  20823
4163		  20833
4165		  20843
4166		  20853
4169		  20863
4171		  20873
4173		  20883
4175		  20893
4180		  20902
4183		  20911
4186		  20920
4187		  20929
4190		  20938
4191		  20947
4193		  20956
4193		  20965
4194		  20974
4200		  20983
4201		  20992
4207		  21001
4207		  21010
4209		  21019
4211		  21028
4212		  21037
4213		  21046
4213		  21055
4213		  21064
4215		  21073
4215		  21082
4218		  21091
4218		  21100
4220		  21109
4221		  21118
4222		  21127
4223		  21136
4223		  21145
4224		  21154
4225		  21163
4225		  21172
4227		  21182
4228		  21192
4230		  21202
4238		  21212
4240		  21222
4255		  21232
4257		  21242
4260		  21252
4260		  21262
4263		  21272
4264		  21282
4267		  21292
4271		  21302
4276		  21312
4279		  21322
4280		  21332
4282		  21342
4284		  21352
4285		  21362
4286		  21371
4289		  21381
4292		  21389
4294		  21399
4295		  21409
4295		  21419
4296		  21429
4298		  21439
4303		  21449
4303		  21459
4303		  21469
4309		  21479
4313		  21489
4314		  21499
4315		  21509
4315		  21519
4316		  21529
4317		  21539
4317		  21549
4319		  21559
4319		  21569
4323		  21579
4324		  21588
4328		  21598
4328		  21608
4329		  21618
4335		  21628
4337		  21638
4340		  21644
4342		  21654
4347		  21664
4349		  21674
4349		  21684
4350		  21694
4350		  21704
4353		  21714
4358		  21724
4363		  21734
4364		  21744
4365		  21754
4366		  21764
4367		  21774
4369		  21784
4373		  21794
4375		  21804
4385		  21814
4387		  21824
4389		  21834
4393		  21844
4396		  21854
4398		  21864
4400		  21874
4401		  21884
4403		  21894
4406		  21904
4409		  21914
4410		  21924
4410		  21934
4412		  21942
4415		  21952
4416		  21962
4417		  21972
4417		  21982
4418		  21992
4421		  22002
4422		  22012
4425		  22022
4428		  22032
4428		  22042
4435		  22052
4435		  22062
4437		  22072
4439		  22082
4442		  22092
4443		  22099
4446		  22109
4446		  22119
4447		  22129
4447		  22139
4447		  22149
4451		  22159
4453		  22169
4454		  22179
4455		  22189
4461		  22199
4461		  22209
4462		  22219
4462		  22229
4463		  22239
4465		  22249
4465		  22259
4465		  22269
4466		  22279
4471		  22289
4471		  22299
4472		  22309
4477		  22319
4478		  22329
4481		  22338
4485		  22348
4485		  22358
4486		  22368
4487		  22378
4488		  22388
4488		  22398
4491		  22408
4492		  22418
4492		  22428
4495		  22438
4495		  22448
4495		  22458
4506		  22468
4506		  22478
4509		  22488
4510		  22498
4511		  22508
4513		  22518
4522		  22528
4522		  22538
4523		  22548
4523		  22558
4524		  22568
4525		  22578
4526		  22588
4526		  22598
4527		  22608
4528		  22618
4529		  22628
4529		  22638
4532		  22648
4535		  22658
4536		  22668
4537		  22678
4537		  22688
4538		  22697
4542		  22707
4543		  22717
4544		  22727
4545		  22737
4547		  22747
4548		  22757
4551		  22767
4554		  22777
4555		  22787
4556		  22797
4561		  22807
4562		  22817
4564		  22827
4565		  22837
4569		  22847
4571		  22857
4573		  22867
4576		  22877
4581		  22887
4581		  22897
4583		  22907
4584		  22917
4585		  22927
4589		  22937
4589		  22947
4592		  22957
4595		  22967
4600		  22977
4602		  22987
4602		  22997
4604		  23007
4604		  23017
4605		  23027
4607		  23037
4619		  23047
4623		  23057
4625		  23067
4626		  23077
4628		  23087
4628		  23097
4635		  23107
4635		  23117
4636		  23127
4641		  23137
4641		  23147
4643		  23157
4646		  23167
4646		  23177
4647		  23187
4650		  23197
4650		  23207
4656		  23217
4657		  23227
4660		  23237
4660		  23247
4660		  23257
4662		  23267
4664		  23277
4667		  23287
4672		  23297
4672		  23307
4673		  23317
4673		  23327
4674		  23337
4680		  23347
4680		  23357
4680		  23367
4681		  23377
4682		  23387
4682		  23397
4683		  23407
4683		  23417
4684		  23427
4684		  23437
4685		  23447
4687		  23457
4687		  23467
4689		  23477
4693		  23487
4695		  23497
4696		  23507
4697		  23517
4697		  23527
4700		  23537
4702		  23547
4702		  23557
4710		  23567
4712		  23577
4718		  23587
4718		  23597
4719		  23607
4721		  23617
4721		  23627
4723		  23637
4725		  23647
4728		  23657
4729		  23667
4731		  23677
4732		  23687
4733		  23697
4735		  23707
4736		  23717
4739		  23727
4741		  23737
4746		  23747
4746		  23757
4753		  23767
4758		  23777
4759		  23787
4762		  23793
4763		  23803
4768		  23813
4771		  23823
4773		  23833
4774		  23843
4777		  23853
4777		  23863
4779		  23873
4779		  23883
4780		  23893
4782		  23903
4786		  23913
4788		  23923
4788		  23933
4790		  23943
4791		  23953
4794		  23963
4795		  23973
4797		  23983
4800		  23993
4801		  24003
4802		  24013
4811		  24023
4812		  24031
4813		  24041
4813		  24051
4814		  24061
4814		  24071
4815		  24081
4819		  24090
4821		  24100
4823		  24110
4825		  24120
4826		  24130
4826		  24140
4828		  24150
4829		  24160
4830		  24170
4831		  24180
4831		  24190
4833		  24200
4833		  24210
4835		  24220
4839		  24230
4840		  24240
4844		  24250
4852		  24260
4853		  24270
4854		  24280
4856		  24290
4861		  24300
4861		  24310
4862		  24320
4863		  24330
4864		  24340
4865		  24350
4872		  24360
4872		  24370
4874		  24380
4876		  24390
4876		  24400
4882		  24410
4882		  24420
4883		  24430
4884		  24440
4887		  24450
4887		  24460
4893		  24470
4893		  24480
4896		  24490
4896		  24500
4899		  24510
4901		  24520
4901		  24530
4902		  24540
4902		  24550
4908		  24560
4909		  24570
4911		  24580
4913		  24590
4917		  24600
4918		  24610
4919		  24615
4931		  24625
4932		  24635
4937		  24645
4944		  24655
4945		  24664
4946		  24674
4946		  24684
4947		  24694
4949		  24704
4949		  24714
4949		  24724
4951		  24734
4956		  24744
4956		  24754
4959		  24764
4966		  24774
4967		  24784
4967		  24794
4967		  24804
4968		  24814
4969		  24824
4969		  24834
4969		  24844
4974		  24854
4976		  24864
4976		  24874
4978		  24884
4981		  24894
4982		  24904
4985		  24914
4986		  24924
4987		  24934
4995		  24944
4996		  24954
4996		  24964
5002		  24974
5004		  24984
5005		  24994
5008		  25004
5011		  25014
5012		  25024
5013		  25034
5014		  25044
5015		  25054
5017		  25064
5018		  25074
5018		  25084
5018		  25094
5023		  25104
5026		  25114
5027		  25124
5027		  25134
5031		  25144
5032		  25154
5033		  25164
5037		  25174
5037		  25184
5038		  25194
5042		  25204
5043		  25214
5046		  25224
5047		  25234
5054		  25244
5055		  25252
5056		  25262
5056		  25272
5057		  25282
5057		  25292
5058		  25302
5062		  25312
5063		  25322
5066		  25332
5069		  25342
5073		  25352
5079		  25362
5080		  25372
5082		  25378
5083		  25388
5090		  25398
5096		  25408
5097		  25418
5098		  25428
5100		  25437
5104		  25447
5107		  25457
5107		  25467
5108		  25477
5109		  25487
5109		  25497
5112		  25507
5113		  25517
5115		  25525
5115		  25533
5122		  25543
5122		  25553
5128		  25562
5128		  25571
5131		  25581
5135		  25591
5139		  25601
5139		  25611
5140		  25621
5143		  25631
5146		  25641
5148		  25651
5150		  25661
5153		  25671
5154		  25681
5154		  25691
5154		  25701
5155		  25711
5159		  25721
5160		  25731
5162		  25741
5164		  25751
5165		  25761
5166		  25771
5169		  25781
5170		  25791
5171		  25800
5173		  25810
5176		  25820
5177		  25830
5181		  25840
5185		  25850
5186		  25860
5190		  25870
5191		  25880
5191		  25890
5191		  25900
5192		  25910
5193		  25918
5195		  25928
5196		  25938
5205		  25948
5205		  25958
5205		  25968
5205		  25978
5206		  25988
5213		  25998
5215		  26008
5216		  26018
5218		  26026
5220		  26036
5220		  26046
5220		  26056
5222		  26066
5223		  26076
5226		  26086
5227		  26096
5229		  26106
5229		  26116
5230		  26126
5231		  26136
5233		  26146
5235		  26156
5236		  26165
5238		  26175
5244		  26185
5246		  26195
5247		  26205
5247		  26215
5249		  26225
5250		  26235
5253		  26245
5257		  26255
5258		  26265
5259		  26275
5260		  26285
5260		  26295
5260		  26305
5265		  26315
5269		  26325
5270		  26335
5275		  26345
5277		  26355
5279		  26365
5280		  26375
5281		  26385
5286		  26395
5287		  26405
5288		  26415
5289		  26425
5290		  26435
5290		  26445
5290		  26455
5291		  26465
5292		  26475
5296		  26485
5304		  26495
5305		  26505
5307		  26515
5308		  26525
5314		  26535
5315		  26545
5316		  26555
5318		  26565
5323		  26575
5325		  26583
5325		  26591
5325		  26599
5326		  26609
5327		  26619
5328		  26629
5329		  26639
5329		  26649
5332		  26659
5336		  26669
5336		  26679
5338		  26689
5339		  26699
5340		  26708
5344		  26718
5347		  26728
5351		  26738
5351		  26748
5352		  26758
5353		  26768
5354		  26778
5356		  26788
5357		  26798
5358		  26808
5358		  26818
5360		  26828
5361		  26838
5361		  26848
5365		  26858
5366		  26868
5366		  26878
5367		  26887
5368		  26897
5371		  26907
5374		  26917
5375		  26927
5380		  26937
5381		  26947
5382		  26957
5382		  26967
5383		  26977
5387		  26987
5388		  26997
5389		  27007
5389		  27017
5391		  27027
5393		  27037
5394		  27047
5396		  27057
5397		  27067
5400		  27077
5404		  27084
5404		  27091
5405		  27101
5407		  27110
5407		  27119
5409		  27129
5411		  27139
5412		  27149
5412		  27159
5413		  27169
5415		  27179
5417		  27189
5421		  27199
5424		  27209
5428		  27219
5429		  27229
5431		  27239
5432		  27249
5435		  27259
5439		  27268
5444		  27277
5445		  27286
5449		  27295
5450		  27304
5451		  27313
5451		  27322
5457		  27331
5458		  27340
5458		  27349
5462		  27358
5463		  27367
5464		  27376
5469		  27385
5472		  27394
5474		  27403
5482		  27412
5482		  27421
5483		  27430
5483		  27439
5484		  27448
5487		  27458
5488		  27468
5489		  27478
5490		  27488
5494		  27498
5497		  27508
5500		  27518
5504		  27528
5506		  27538
5507		  27548
5508		  27558
5508		  27568
5509		  27578
5510		  27588
5510		  27598
5511		  27608
5511		  27618
5512		  27628
5513		  27638
5515		  27648
5518		  27658
5520		  27668
5523		  27678
5526		  27688
5533		  27698
5533		  27708
5538		  27718
5539		  27728
5540		  27738
5542		  27748
5544		  27758
5545		  27768
5546		  27778
5548		  27788
5550		  27797
5551		  27807
5554		  27817
5557		  27827
5559		  27837
5562		  27847
5562		  27857
5565		  27867
5567		  27877
5568		  27887
5572		  27897
5573		  27907
5575		  27917
5587		  27927
5587		  27937
5588		  27947
5591		  27957
5591		  27967
5591		  27977
5593		  27987
5594		  27997
5595		  28007
5601		  28017
5603		  28027
5605		  28037
5608		  28047
5609		  28057
5609		  28067
5611		  28077
5612		  28087
5617		  28097
5622		  28107
5624		  28115
5625		  28125
5625		  28135
5626		  28145
5630		  28154
5631		  28164
5633		  28174
5634		  28184
5638		  28194
5643		  28204
5644		  28210
5651		  28220
5655		  28230
5657		  28240
5657		  28250
5657		  28260
5658		  28270
5661		  28280
5662		  28290
5667		  28299
5668		  28309
5669		  28319
5673		  28329
5673		  28339
5676		  28349
5677		  28359
5679		  28369
5680		  28379
5688		  28389
5690		  28399
5695		  28409
5700		  28419
5704		  28429
5706		  28439
5709		  28449
5710		  28457
5710		  28465
5721		  28475
5723		  28485
5725		  28495
5727		  28505
5727		  28515
5733		  28525
5735		  28535
5735		  28545
5736		  28552
5737		  28562
5738		  28572
5738		  28582
5739		  28592
5740		  28602
5740		  28612
5740		  28622
5740		  28632
5741		  28642
5742		  28652
5743		  28662
5743		  28672
5744		  28682
5745		  28692
5745		  28702
5746		  28712
5749		  28722
5751		  28732
5752		  28742
5753		  28752
5755		  28762
5760		  28772
5764		  28782
5765		  28792
5767		  28802
5770		  28812
5771		  28822
5772		  28832
5774		  28842
5776		  28852
5776		  28862
5776		  28872
5777		  28882
5786		  28892
5786		  28902
5786		  28912
5789		  28922
5789		  28932
5793		  28941
5797		  28951
5800		  28961
5802		  28971
5804		  28981
5805		  28989
5807		  28999
5811		  29009
5811		  29019
5812		  29029
5812		  29039
5815		  29049
5820		  29058
5820		  29067
5824		  29077
5825		  29087
5827		  29097
5829		  29107
5834		  29117
5839		  29127
5841		  29137
5843		  29147
5844		  29157
5852		  29167
5853		  29177
5856		  29186
5858		  29196
5859		  29206
5861		  29216
5861		  29226
5866		  29236
5871		  29246
5872		  29256
5873		  29266
5875		  29276
5876		  29286
5879		  29296
5879		  29306
5879		  29316
5883		  29326
5889		  29336
5892		  29346
5893		  29356
5895		  29366
5898		  29376
5900		  29386
5903		  29396
5904		  29406
5905		  29416
5905		  29426
5907		  29436
5909		  29446
5910		  29456
5913		  29466
5914		  29476
5916		  29486
5917		  29496
5917		  29506
5921		  29516
5927		  29526
5927		  29536
5930		  29546
5932		  29556
5935		  29566
5941		  29576
5941		  29586
5945		  29596
5946		  29606
5948		  29616
5949		  29626
5950		  29636
5951		  29646
5953		  29656
5955		  29666
5960		  29676
5969		  29686
5972		  29696
5974		  29706
5975		  29716
5978		  29726
5978		  29736
5979		  29746
5979		  29756
5979		  29766
5981		  29776
5981		  29786
5984		  29795
5986		  29805
5987		  29815
5988		  29825
5991		  29835
5994		  29845
5994		  29855
5995		  29865
5997		  29875
5998		  29885
6003		  29895
6007		  29905
6008		  29915
6008		  29925
6009		  29935
6009		  29945
6010		  29955
6021		  29965
6022		  29975
6023		  29985
6026		  29995
6032		  30005
6034		  30015
6034		  30025
6035		  30035
6036		  30045
6038		  30055
6039		  30065
6046		  30075
6050		  30085
6052		  30095
6052		  30105
6053		  30115
6055		  30125
6057		  30135
6058		  30145
6064		  30155
6065		  30165
6066		  30175
6066		  30185
6066		  30195
6067		  30205
6070		  30215
6071		  30225
6071		  30235
6072		  30245
6072		  30255
6083		  30265
6083		  30275
6088		  30285
6092		  30295
6092		  30305
6095		  30315
6101		  30325
6101		  30335
6104		  30345
6104		  30355
6107		  30365
6109		  30375
6110		  30385
6118		  30395
6123		  30405
6124		  30415
6125		  30425
6127		  30430
6128		  30440
6128		  30450
6128		  30460
6129		  30470
6130		  30480
6130		  30490
6131		  30500
6131		  30510
6134		  30520
6135		  30530
6136		  30540
6138		  30550
6141		  30560
6141		  30570
6142		  30580
6143		  30590
6145		  30600
6146		  30610
6147		  30620
6149		  30630
6149		  30640
6151		  30650
6151		  30660
6156		  30670
6157		  30678
6158		  30688
6162		  30698
6168		  30708
6169		  30718
6169		  30728
6169		  30738
6170		  30748
6174		  30758
6174		  30768
6175		  30778
6178		  30788
6180		  30798
6180		  30808
6181		  30818
6181		  30828
6189		  30837
6196		  30847
6196		  30857
6197		  30867
6197		  30877
6202		  30887
6204		  30897
6210		  30907
6214		  30917
6215		  30927
6216		  30937
6217		  30947
6218		  30957
6220		  30967
6221		  30977
6224		  30987
6224		  30997
6225		  31007
6226		  31017
6227		  31027
6228		  31036
6228		  31045
6229		  31055
6229		  31065
6230		  31075
6234		  31085
6234		  31095
6234		  31105
6238		  31115
6239		  31125
6240		  31135
6240		  31145
6242		  31155
6242		  31165
6242		  31175
6243		  31185
6246		  31195
6249		  31205
6250		  31215
6251		  31225
6252		  31235
6252		  31245
6254		  31255
6255		  31265
6256		  31275
6257		  31285
6258		  31295
6259		  31305
6260		  31315
6263		  31325
6264		  31335
6264		  31345
6264		  31355
6267		  31365
6270		  31375
6271		  31385
6274		  31395
6276		  31405
6277		  31415
6284		  31425
6286		  31435
6289		  31445
6289		  31455
6290		  31465
6295		  31475
6296		  31485
6298		  31495
6299		  31505
6300		  31515
6305		  31525
6306		  31535
6307		  31545
6311		  31555
6312		  31565
6312		  31575
6317		  31585
6317		  31595
6319		  31605
6323		  31615
6327		  31624
6330		  31634
6332		  31644
6335		  31652
6336		  31662
6339		  31672
6340		  31682
6341		  31692
6342		  31701
6343		  31711
6347		  31721
6348		  31728
6350		  31738
6353		  31748
6354		  31758
6355		  31768
6356		  31778
6358		  31788
6358		  31798
6360		  31808
6364		  31818
6364		  31828
6366		  31838
6368		  31848
6368		  31858
6371		  31868
6375		  31878
6380		  31888
6381		  31898
6382		  31908
6382		  31918
6384		  31928
6386		  31938
6386		  31948
6387		  31958
6387		  31968
6387		  31978
6388		  31988
6388		  31998
6391		  32008
6392		  32018
6396		  32028
6404		  32038
6408		  32048
6409		  32058
6410		  32068
6411		  32078
6413		  32088
6414		  32098
6421		  32108
6422		  32118
6423		  32128
6424		  32138
6426		  32148
6426		  32158
6428		  32168
6429		  32177
6429		  32186
6429		  32195
6431		  32198
6432		  32207
6433		  32216
6439		  32226
6440		  32236
6440		  32246
6441		  32256
6442		  32266
6444		  32276
6445		  32286
6446		  32296
6446		  32306
6447		  32316
6448		  32326
6448		  32336
6449		  32346
6449		  32356
6450		  32366
6451		  32376
6454		  32386
6456		  32396
6457		  32406
6461		  32416
6463		  32426
6463		  32436
6465		  32446
6466		  32454
6466		  32462
6467		  32472
6468		  32482
6469		  32492
6471		  32502
6473		  32512
6476		  32522
6480		  32532
6484		  32542
6487		  32552
6487		  32562
6488		  32572
6489		  32582
6493		  32592
6496		  32602
6498		  32612
6499		  32622
6499		  32632
6503		  32641
6504		  32651
6505		  32661
6506		  32671
6506		  32681
6508		  32691
6508		  32701
6508		  32711
6509		  32721
6510		  32731
6513		  32741
6518		  32751
6522		  32761
6527		  32771
6528		  32781
6534		  32791
6537		  32801
6538		  32811
6541		  32821
6545		  32831
6546		  32841
6548		  32851
6549		  32861
6550		  32871
6554		  32881
6554		  32891
6555		  32901
6557		  32911
6560		  32921
6561		  32931
6567		  32941
6567		  32951
6569		  32961
6571		  32971
6572		  32981
6575		  32991
6576		  33001
6577		  33011
6579		  33021
6580		  33031
6584		  33041
6585		  33051
6585		  33061
6585		  33071
6586		  33081
6590		  33089
6590		  33097
6595		  33107
6596		  33117
6607		  33127
6614		  33137
6614		  33147
6615		  33157
6616		  33167
6617		  33177
6617		  33187
6618		  33197
6619		  33207
6620		  33216
6620		  33225
6621		  33235
6624		  33245
6626		  33255
6628		  33265
6628		  33275
6629		  33285
6630		  33295
6631		  33305
6632		  33315
6632		  33325
6634		  33335
6636		  33345
6636		  33355
6640		  33363
6644		  33373
6645		  33383
6647		  33393
6647		  33403
6647		  33413
6649		  33423
6649		  33433
6650		  33443
6652		  33453
6653		  33463
6656		  33473
6657		  33483
6660		  33493
6663		  33503
6664		  33513
6665		  33523
6667		  33533
6667		  33543
6675		  33553
6676		  33563
6677		  33573
6679		  33583
6681		  33593
6683		  33603
6687		  33613
6687		  33623
6687		  33633
6688		  33643
6692		  33653
6699		  33663
6700		  33673
6701		  33683
6701		  33693
6704		  33703
6704		  33713
6707		  33723
6709		  33733
6709		  33743
6711		  33753
6712		  33763
6718		  33773
6728		  33783
6733		  33792
6734		  33801
6737		  33810
6737		  33819
6742		  33828
6743		  33837
6746		  33846
6748		  33855
6748		  33864
6753		  33874
6753		  33884
6754		  33894
6757		  33904
6757		  33914
6758		  33924
6763		  33932
6763		  33940
6764		  33950
6766		  33960
6766		  33970
6766		  33980
6768		  33990
6768		  34000
6768		  34010
6770		  34020
6771		  34030
6773		  34040
6776		  34050
6780		  34060
6782		  34070
6784		  34079
6788		  34089
6790		  34099
6790		  34109
6794		  34119
6796		  34129
6797		  34139
6797		  34149
6799		  34159
6803		  34169
6803		  34179
6814		  34189
6819		  34199
6821		  34209
6825		  34219
6826		  34229
6827		  34239
6828		  34249
6829		  34259
6829		  34269
6829		  34279
6832		  34289
6833		  34299
6835		  34309
6837		  34319
6837		  34329
6838		  34339
6839		  34349
6842		  34359
6845		  34369
6847		  34379
6848		  34389
6850		  34399
6850		  34409
6853		  34419
6855		  34429
6856		  34439
6857		  34449
6865		  34459
6865		  34469
6868		  34479
6868		  34489
6868		  34499
6870		  34509
6872		  34519
6872		  34529
6873		  34539
6873		  34549
6876		  34559
6885		  34569
6892		  34578
6894		  34588
6894		  34598
6896		  34608
6896		  34618
6898		  34628
6898		  34638
6898		  34648
6901		  34658
6906		  34668
6908		  34678
6911		  34688
6912		  34698
6914		  34708
6914		  34718
6925		  34728
6927		  34738
6929		  34748
6931		  34758
6931		  34768
6938		  34778
6939		  34788
6942		  34798
6945		  34808
6946		  34818
6947		  34828
6948		  34838
6950		  34848
6951		  34858
6952		  34868
6956		  34878
6956		  34888
6958		  34898
6965		  34908
6966		  34918
6966		  34928
6969		  34938
6974		  34948
6975		  34958
6977		  34968
6977		  34978
6978		  34988
6980		  34998
6984		  35008
6984		  35018
6987		  35026
6989		  35036
6989		  35046
6989		  35056
6994		  35066
6997		  35076
6997		  35086
7001		  35096
7004		  35106
7005		  35116
7007		  35126
7009		  35136
7016		  35146
7016		  35156
7019		  35165
7022		  35174
7022		  35183
7023		  35192
7027		  35201
7032		  35210
7035		  35220
7036		  35230
7037		  35240
7038		  35250
7039		  35260
7040		  35270
7041		  35280
7042		  35290
7043		  35300
7046		  35310
7046		  35320
7051		  35330
7051		  35340
7051		  35350
7052		  35360
7055		  35370
7057		  35380
7057		  35390
7059		  35400
7060		  35410
7063		  35420
7069		  35430
7069		  35440
7070		  35450
7071		  35460
7074		  35470
7080		  35480
7086		  35490
7088		  35499
7089		  35509
7092		  35519
7094		  35529
7096		  35539
7096		  35549
7106		  35559
7107		  35569
7108		  35579
7111		  35589
7114		  35599
7119		  35609
7123		  35619
7124		  35629
7125		  35639
7126		  35649
7126		  35659
7127		  35669
7131		  35676
7134		  35686
7135		  35696
7137		  35706
7138		  35716
7140		  35726
7140		  35736
7140		  35746
7140		  35756
7141		  35766
7142		  35776
7142		  35786
7151		  35796
7155		  35806
7161		  35816
7161		  35826
7163		  35836
7166		  35846
7172		  35856
7177		  35866
7177		  35876
7180		  35886
7183		  35896
7183		  35906
7184		  35916
7184		  35926
7186		  35936
7191		  35946
7192		  35956
7193		  35966
7194		  35976
7195		  35986
7198		  35996
7200		  36006
7203		  36016
7205		  36024
7207		  36034
7208		  36044
7209		  36054
7215		  36064
7216		  36074
7218		  36084
7219		  36094
7223		  36104
7223		  36114
7224		  36124
7226		  36134
7227		  36144
7227		  36154
7231		  36164
7235		  36174
7236		  36184
7241		  36194
7241		  36204
7242		  36214
7243		  36224
7247		  36234
7247		  36244
7249		  36254
7249		  36264
7250		  36274
7257		  36284
7259		  36294
7265		  36304
7267		  36314
7271		  36324
7274		  36334
7276		  36340
7279		  36350
7280		  36360
7281		  36369
7283		  36379
7287		  36389
7289		  36399
7290		  36409
7293		  36419
7294		  36429
7300		  36439
7302		  36449
7303		  36459
7304		  36469
7307		  36479
7308		  36489
7308		  36499
7315		  36509
7315		  36519
7319		  36529
7320		  36539
7324		  36549
7329		  36559
7329		  36569
7329		  36579
7329		  36589
7330		  36599
7330		  36609
7332		  36619
7334		  36629
7339		  36639
7339		  36649
7340		  36659
7344		  36669
7344		  36679
7346		  36689
7350		  36699
7351		  36709
7354		  36719
7354		  36729
7357		  36739
7360		  36749
7361		  36759
7362		  36769
7363		  36779
7364		  36789
7366		  36799
7367		  36809
7367		  36819
7371		  36829
7374		  36839
7377		  36849
7377		  36859
7385		  36869
7394		  36879
7394		  36889
7395		  36899
7395		  36909
7396		  36919
7396		  36929
7397		  36939
7397		  36949
7402		  36959
7405		  36969
7408		  36979
7408		  36989
7409		  36999
7412		  37009
7413		  37019
7415		  37029
7418		  37039
7422		  37049
7422		  37059
7423		  37069
7428		  37079
7428		  37089
7433		  37099
7433		  37109
7436		  37119
7440		  37129
7441		  37139
7441		  37149
7442		  37159
7446		  37169
7450		  37179
7451		  37189
7453		  37199
7454		  37209
7455		  37219
7457		  37229
7458		  37239
7458		  37249
7458		  37259
7459		  37269
7460		  37279
7464		  37289
7466		  37299
7467		  37309
7470		  37319
7472		  37329
7478		  37339
7479		  37349
7480		  37359
7481		  37369
7483		  37379
7484		  37389
7486		  37399
7487		  37408
7491		  37418
7494		  37428
7495		  37438
7495		  37448
7497		  37458
7498		  37468
7500		  37478
7501		  37488
7502		  37498
7503		  37508
7507		  37518
7508		  37528
7509		  37538
7510		  37548
7515		  37558
7521		  37568
7522		  37578
7523		  37588
7526		  37598
7528		  37608
7529		  37618
7531		  37628
7532		  37638
7534		  37648
7536		  37658
7537		  37668
7538		  37678
7538		  37688
7540		  37698
7540		  37708
7540		  37718
7541		  37728
7542		  37738
7543		  37748
7546		  37758
7549		  37768
7553		  37778
7563		  37788
7565		  37798
7565		  37808
7565		  37818
7566		  37828
7567		  37837
7569		  37847
7570		  37857
7571		  37867
7572		  37877
7575		  37887
7578		  37897
7581		  37907
7581		  37917
7582		  37927
7582		  37937
7583		  37947
7583		  37957
7586		  37967
7589		  37977
7591		  37987
7596		  37997
7597		  38007
7597		  38017
7600		  38027
7601		  38037
7602		  38047
7603		  38057
7603		  38067
7603		  38077
7610		  38087
7616		  38097
7618		  38107
7620		  38117
7620		  38127
7622		  38137
7622		  38147
7629		  38157
7630		  38167
7630		  38177
7630		  38187
7633		  38197
7638		  38207
7639		  38217
7639		  38227
7640		  38237
7640		  38247
7645		  38257
7645		  38267
7651		  38277
7654		  38287
7654		  38297
7654		  38307
7655		  38317
7660		  38327
7660		  38337
7660		  38347
7661		  38357
7661		  38367
7662		  38377
7662		  38387
7665		  38397
7666		  38407
7667		  38417
7667		  38427
7668		  38437
7669		  38445
7669		  38453
7669		  38461
7672		  38471
7675		  38481
7675		  38491
7677		  38500
7677		  38509
7681		  38519
7681		  38529
7682		  38539
7683		  38549
7684		  38559
7685		  38561
7685		  38563
7687		  38573
7690		  38583
7690		  38593
7692		  38603
7694		  38613
7694		  38623
7694		  38633
7697		  38643
7698		  38653
7699		  38663
7699		  38673
7705		  38683
7706		  38693
7708		  38703
7710		  38713
7710		  38723
7715		  38733
7716		  38743
7716		  38753
7717		  38763
7718		  38773
7719		  38783
7721		  38793
7723		  38803
7724		  38813
7732		  38823
7732		  38833
7734		  38843
7736		  38853
7737		  38863
7744		  38873
7746		  38883
7750		  38893
7752		  38903
7752		  38913
7753		  38922
7755		  38932
7756		  38942
7757		  38952
7759		  38962
7760		  38972
7762		  38982
7764		  38990
7771		  39000
7773		  39010
7774		  39020
7775		  39030
7776		  39040
7779		  39050
7779		  39060
7783		  39070
7783		  39080
7792		  39090
7793		  39096
7795		  39106
7797		  39116
7797		  39126
7799		  39136
7803		  39146
7803		  39156
7805		  39166
7806		  39176
7808		  39186
7809		  39196
7811		  39206
7811		  39216
7813		  39226
7814		  39235
7817		  39245
7822		  39255
7824		  39265
7827		  39275
7828		  39283
7829		  39293
7832		  39303
7834		  39313
7835		  39323
7836		  39333
7841		  39343
7843		  39353
7845		  39363
7849		  39373
7850		  39383
7851		  39393
7853		  39403
7854		  39413
7854		  39423
7857		  39432
7863		  39442
7869		  39452
7869		  39462
7873		  39472
7875		  39482
7877		  39492
7878		  39502
7878		  39512
7882		  39522
7883		  39532
7884		  39542
7885		  39552
7886		  39562
7889		  39572
7891		  39582
7892		  39592
7893		  39602
7902		  39612
7902		  39622
7904		  39632
7911		  39642
7914		  39652
7916		  39662
7917		  39672
7918		  39682
7919		  39692
7927		  39702
7930		  39712
7934		  39722
7934		  39732
7935		  39742
7937		  39752
7944		  39762
7945		  39772
7946		  39782
7949		  39792
7950		  39802
7953		  39812
7958		  39822
7959		  39832
7964		  39842
7964		  39852
7967		  39862
7970		  39872
7971		  39880
7971		  39888
7973		  39898
7981		  39908
7983		  39918
7983		  39928
7984		  39938
7986		  39948
7988		  39958
7989		  39968
7990		  39978
7991		  39988
7994		  39998
7998		  40008
7998		  40018
8000		  40028
8003		  40038
8003		  40048
8004		  40053
8009		  40062
8010		  40071
8011		  40080
8012		  40089
8014		  40098
8017		  40107
8018		  40116
8019		  40125
8020		  40134
8023		  40143
8023		  40152
8023		  40161
8032		  40171
8046		  40178
8050		  40188
8051		  40198
8051		  40208
8053		  40218
8053		  40228
8055		  40238
8055		  40248
8060		  40258
8061		  40268
8064		  40278
8070		  40288
8074		  40298
8075		  40308
8075		  40318
8075		  40328
8078		  40338
8078		  40348
8082		  40358
8088		  40368
8089		  40378
8094		  40386
8095		  40396
8098		  40406
8106		  40416
8107		  40426
8107		  40436
8109		  40445
8111		  40455
8112		  40465
8116		  40475
8121		  40485
8121		  40495
8123		  40505
8127		  40515
8129		  40525
8129		  40535
8131		  40545
8131		  40555
8132		  40565
8138		  40575
8142		  40584
8144		  40594
8145		  40604
8146		  40614
8147		  40624
8149		  40634
8151		  40644
8153		  40654
8155		  40664
8155		  40674
8156		  40684
8156		  40694
8157		  40702
8158		  40712
8159		  40722
8159		  40732
8160		  40742
8164		  40752
8165		  40762
8167		  40772
8179		  40781
8182		  40791
8184		  40801
8185		  40811
8187		  40821
8190		  40831
8191		  40841
8194		  40851
8198		  40861
8202		  40871
8210		  40881
8211		  40891
8215		  40901
8216		  40911
8216		  40921
8223		  40931
8226		  40941
8228		  40950
8229		  40960
8230		  40970
8232		  40980
8232		  40990
8235		  41000
8236		  41010
8236		  41020
8236		  41030
8238		  41040
8241		  41050
8241		  41060
8242		  41070
8244		  41080
8245		  41090
8247		  41100
8250		  41110
8251		  41120
8253		  41130
8254		  41140
8254		  41150
8257		  41160
8258		  41170
8260		  41180
8260		  41190
8261		  41200
8263		  41210
8263		  41220
8263		  41230
8264		  41240
8264		  41250
8270		  41254
8275		  41264
8276		  41274
8279		  41284
8280		  41294
8282		  41304
8287		  41314
8289		  41324
8290		  41334
8291		  41344
8295		  41354
8296		  41364
8302		  41374
8305		  41384
8311		  41394
8313		  41404
8315		  41413
8316		  41423
8317		  41433
8319		  41443
8320		  41453
8323		  41463
8325		  41473
8326		  41483
8329		  41493
8337		  41503
8337		  41513
8338		  41523
8339		  41533
8341		  41543
8341		  41553
8341		  41563
8342		  41573
8346		  41583
8347		  41593
8347		  41603
8355		  41612
8364		  41622
8364		  41632
8365		  41640
8368		  41650
8370		  41660
8370		  41670
8371		  41680
8377		  41690
8380		  41700
8383		  41710
8386		  41720
8388		  41730
8390		  41740
8392		  41750
8394		  41760
8394		  41770
8397		  41780
8398		  41786
8399		  41796
8399		  41806
8399		  41816
8399		  41826
8401		  41836
8401		  41846
8403		  41856
8403		  41866
8408		  41876
8411		  41886
8414		  41896
8415		  41906
8416		  41916
8417		  41926
8417		  41936
8421		  41946
8422		  41956
8425		  41966
8425		  41976
8425		  41986
8427		  41996
8427		  42006
8428		  42016
8428		  42026
8430		  42036
8432		  42046
8433		  42056
8435		  42066
8437		  42076
8440		  42086
8444		  42094
8445		  42104
8446		  42114
8446		  42124
8447		  42134
8447		  42144
8447		  42154
8448		  42164
8449		  42174
8450		  42184
8466		  42194
8466		  42204
8468		  42214
8469		  42224
8472		  42234
8473		  42244
8473		  42254
8474		  42264
8474		  42274
8480		  42284
8480		  42294
8480		  42304
8481		  42314
8482		  42324
8484		  42334
8484		  42344
8486		  42354
8487		  42364
8488		  42374
8491		  42384
8498		  42394
8499		  42404
8499		  42414
8500		  42424
8501		  42434
8502		  42444
8505		  42454
8506		  42464
8507		  42474
8509		  42484
8514		  42494
8520		  42504
8520		  42514
8525		  42524
8530		  42534
8531		  42544
8534		  42554
8539		  42564
8540		  42574
8542		  42583
8543		  42593
8545		  42603
8548		  42613
8549		  42623
8557		  42633
8560		  42643
8564		  42653
8566		  42663
8569		  42673
8573		  42683
8582		  42693
8582		  42703
8585		  42713
8585		  42723
8585		  42733
8586		  42741
8589		  42751
8592		  42761
8594		  42771
8602		  42781
8605		  42791
8608		  42801
8609		  42811
8613		  42821
8616		  42831
8616		  42841
8617		  42851
8620		  42861
8623		  42871
8623		  42881
8624		  42888
8626		  42898
8627		  42907
8627		  42916
8627		  42925
8628		  42935
8628		  42945
8630		  42955
8632		  42965
8634		  42975
8635		  42985
8641		  42995
8644		  43005
8651		  43015
8652		  43025
8654		  43035
8654		  43045
8656		  43055
8656		  43065
8661		  43075
8664		  43085
8668		  43095
8671		  43105
8673		  43115
8673		  43125
8674		  43135
8675		  43145
8678		  43155
8680		  43165
8681		  43175
8681		  43185
8685		  43195
8689		  43205
8693		  43215
8693		  43225
8696		  43235
8697		  43245
8697		  43255
8698		  43265
8702		  43275
8704		  43285
8704		  43295
8705		  43305
8707		  43315
8709		  43325
8711		  43331
8714		  43341
8717		  43351
8718		  43361
8718		  43371
8721		  43381
8723		  43391
8724		  43401
8726		  43411
8726		  43421
8726		  43431
8732		  43441
8735		  43451
8736		  43461
8738		  43471
8743		  43481
8746		  43491
8751		  43501
8751		  43511
8752		  43521
8759		  43531
8762		  43541
8762		  43551
8764		  43561
8766		  43571
8766		  43581
8775		  43591
8777		  43601
8777		  43611
8780		  43621
8780		  43631
8780		  43641
8784		  43651
8784		  43661
8784		  43671
8785		  43681
8789		  43691
8790		  43701
8790		  43711
8791		  43721
8793		  43731
8799		  43741
8800		  43751
8802		  43761
8803		  43771
8810		  43781
8812		  43791
8814		  43801
8816		  43811
8817		  43821
8820		  43831
8823		  43841
8823		  43851
8824		  43861
8825		  43871
8825		  43881
8826		  43891
8826		  43901
8828		  43911
8830		  43921
8834		  43931
8835		  43941
8836		  43951
8837		  43961
8837		  43971
8837		  43981
8837		  43991
8846		  44001
8847		  44011
8849		  44021
8849		  44031
8850		  44040
8852		  44050
8856		  44060
8858		  44070
8859		  44080
8860		  44083
8860		  44086
8861		  44095
8861		  44104
8863		  44113
8863		  44122
8863		  44131
8864		  44140
8865		  44149
8865		  44158
8866		  44167
8871		  44176
8872		  44185
8874		  44195
8875		  44205
8877		  44215
8878		  44225
8879		  44235
8883		  44245
8893		  44255
8894		  44265
8897		  44275
8897		  44285
8898		  44295
8901		  44305
8902		  44315
8906		  44325
8908		  44335
8911		  44345
8916		  44355
8917		  44365
8920		  44375
8921		  44385
8922		  44395
8923		  44405
8924		  44415
8924		  44425
8925		  44435
8927		  44444
8929		  44454
8936		  44464
8940		  44474
8941		  44484
8942		  44494
8942		  44504
8943		  44514
8944		  44521
8952		  44531
8953		  44541
8954		  44550
8957		  44560
8960		  44570
8962		  44580
8966		  44590
8967		  44600
8967		  44610
8968		  44620
8970		  44630
8971		  44640
8972		  44650
8976		  44660
8977		  44669
8978		  44679
8979		  44689
8980		  44699
8980		  44709
8984		  44719
8986		  44729
8988		  44739
8989		  44749
8990		  44759
8993		  44769
8995		  44779
8995		  44789
8999		  44799
9003		  44809
9004		  44819
9010		  44829
9012		  44839
9012		  44849
9013		  44859
9015		  44869
9017		  44879
9019		  44889
9021		  44899
9022		  44909
9023		  44919
9027		  44929
9038		  44939
9041		  44949
9053		  44959
9058		  44969
9060		  44979
9062		  44989
9067		  44999
9072		  45009
9074		  45019
9078		  45029
9079		  45039
9080		  45046
9081		  45056
9083		  45066
9085		  45076
9088		  45086
9088		  45096
9090		  45106
9091		  45116
9091		  45126
9093		  45136
9094		  45146
9095		  45156
9095		  45166
9100		  45176
9109		  45186
9111		  45196
9112		  45206
9115		  45216
9117		  45226
9117		  45236
9118		  45246
9120		  45256
9124		  45266
9126		  45271
9128		  45281
9129		  45291
9129		  45301
9130		  45311
9131		  45321
9134		  45331
9136		  45341
9137		  45351
9141		  45361
9144		  45371
9145		  45381
9145		  45391
9147		  45401
9153		  45411
9153		  45421
9154		  45431
9154		  45441
9154		  45451
9156		  45461
9157		  45471
9157		  45481
9161		  45491
9164		  45501
9168		  45511
9168		  45521
9170		  45531
9174		  45541
9174		  45551
9185		  45561
9189		  45571
9189		  45581
9189		  45591
9192		  45601
9192		  45611
9195		  45621
9196		  45631
9196		  45641
9199		  45651
9202		  45661
9202		  45671
9204		  45680
9204		  45689
9205		  45699
9207		  45709
9210		  45719
9213		  45729
9216		  45739
9221		  45749
9222		  45759
9224		  45765
9226		  45775
9227		  45785
9232		  45795
9234		  45805
9240		  45815
9242		  45825
9245		  45835
9246		  45845
9253		  45855
9255		  45865
9257		  45875
9257		  45885
9259		  45895
9260		  45905
9260		  45915
9264		  45925
9265		  45935
9267		  45945
9269		  45955
9270		  45965
9277		  45975
9278		  45985
9279		  45995
9281		  46005
9282		  46015
9287		  46025
9291		  46035
9291		  46045
9292		  46054
9294		  46064
9294		  46074
9294		  46084
9295		  46094
9299		  46101
9300		  46111
9300		  46121
9300		  46131
9304		  46141
9304		  46151
9305		  46161
9307		  46171
9315		  46181
9316		  46191
9317		  46201
9319		  46211
9321		  46221
9325		  46231
9325		  46241
9325		  46251
9325		  46261
9326		  46271
9327		  46281
9330		  46291
9332		  46301
9334		  46311
9334		  46321
9337		  46331
9339		  46341
9339		  46351
9339		  46361
9341		  46371
9342		  46381
9343		  46391
9346		  46401
9347		  46411
9348		  46421
9348		  46431
9349		  46441
9353		  46451
9355		  46460
9356		  46470
9358		  46480
9358		  46490
9361		  46500
9361		  46510
9363		  46520
9364		  46530
9366		  46540
9369		  46549
9370		  46558
9370		  46567
9372		  46576
9373		  46585
9375		  46594
9379		  46603
9385		  46613
9388		  46623
9389		  46633
9389		  46643
9390		  46651
9391		  46661
9397		  46671
9398		  46681
9401		  46691
9401		  46701
9403		  46711
9403		  46721
9405		  46731
9409		  46741
9410		  46751
9416		  46761
9419		  46771
9421		  46781
9422		  46791
9423		  46801
9426		  46811
9428		  46821
9428		  46831
9429		  46841
9430		  46851
9432		  46861
9433		  46871
9433		  46881
9439		  46891
9439		  46901
9440		  46911
9443		  46921
9445		  46931
9445		  46941
9447		  46951
9448		  46961
9451		  46971
9451		  46981
9451		  46991
9453		  47001
9455		  47011
9458		  47021
9460		  47031
9462		  47041
9464		  47051
9465		  47061
9465		  47071
9467		  47081
9468		  47091
9469		  47101
9474		  47111
9476		  47121
9476		  47131
9481		  47141
9484		  47151
9484		  47161
9484		  47171
9490		  47181
9492		  47191
9492		  47201
9494		  47211
9497		  47221
9499		  47231
9501		  47241
9503		  47247
9507		  47257
9515		  47267
9516		  47277
9517		  47287
9518		  47297
9518		  47307
9519		  47317
9519		  47327
9524		  47337
9528		  47346
9530		  47356
9531		  47366
9531		  47376
9532		  47386
9533		  47396
9535		  47406
9538		  47416
9539		  47426
9540		  47436
9540		  47446
9542		  47456
9545		  47466
9551		  47476
9552		  47486
9554		  47496
9556		  47506
9559		  47516
9559		  47526
9559		  47536
9560		  47546
9560		  47556
9561		  47566
9562		  47576
9563		  47586
9563		  47596
9566		  47606
9569		  47616
9571		  47626
9574		  47636
9576		  47646
9586		  47656
9587		  47666
9589		  47676
9591		  47686
9591		  47696
9593		  47706
9598		  47716
9600		  47726
9602		  47736
9609		  47746
9611		  47756
9613		  47766
9613		  47776
9615		  47786
9617		  47796
9619		  47806
9619		  47816
9626		  47826
9631		  47836
9633		  47844
9634		  47854
9634		  47864
9638		  47874
9639		  47884
9639		  47894
9639		  47904
9640		  47914
9643		  47924
9644		  47934
9649		  47944
9651		  47954
9659		  47964
9663		  47974
9664		  47984
9672		  47993
9673		  48003
9675		  48013
9676		  48023
9677		  48033
9679		  48043
9680		  48053
9683		  48058
9690		  48068
9693		  48078
9701		  48088
9703		  48098
9706		  48108
9709		  48118
9710		  48128
9710		  48138
9716		  48148
9718		  48158
9719		  48168
9722		  48178
9729		  48188
9730		  48198
9730		  48208
9735		  48218
9741		  48228
9747		  48238
9752		  48248
9755		  48258
9755		  48268
9759		  48275
9759		  48282
9762		  48292
9762		  48302
9764		  48312
9765		  48322
9772		  48332
9773		  48342
9776		  48352
9776		  48362
9777		  48372
9780		  48382
9781		  48392
9789		  48402
9790		  48412
9791		  48422
9793		  48432
9802		  48440
9802		  48448
9807		  48458
9807		  48468
9809		  48478
9810		  48488
9812		  48498
9815		  48508
9818		  48518
9818		  48528
9819		  48538
9826		  48548
9829		  48558
9831		  48568
9832		  48578
9833		  48588
9833		  48598
9835		  48608
9838		  48618
9844		  48628
9846		  48638
9847		  48644
9848		  48654
9848		  48664
9849		  48674
9851		  48684
9851		  48694
9853		  48704
9859		  48713
9868		  48723
9873		  48733
9875		  48743
9875		  48753
9876		  48763
9877		  48773
9877		  48783
9878		  48793
9879		  48803
9883		  48813
9884		  48823
9884		  48833
9885		  48843
9888		  48853
9888		  48863
9889		  48873
9895		  48883
9895		  48893
9899		  48903
9901		  48913
9906		  48923
9912		  48933
9913		  48943
9915		  48953
9920		  48963
9923		  48973
9923		  48983
9927		  48993
9927		  49003
9928		  49013
9937		  49023
9938		  49033
9939		  49043
9939		  49053
9942		  49063
9943		  49073
9944		  49083
9944		  49093
9946		  49103
9948		  49113
9949		  49123
9950		  49133
9954		  49143
9955		  49153
9957		  49163
9958		  49172
9958		  49181
9960		  49191
9962		  49201
9963		  49211
9966		  49221
9967		  49231
9969		  49241
9970		  49251
9972		  49261
9972		  49271
9972		  49281
9976		  49291
9979		  49301
9982		  49311
9986		  49321
9986		  49331
9992		  49341
