   1		      2
   1		      3
   3		      4
   5		      5
  10		      7
  12		      9
  12		     11
  14		     13
  17		     15
  18		     17
  19		     20
  19		     23
  29		     27
  30		     30
  30		     33
  34		     37
  37		     41
  37		     45
  38		     48
  38		     51
  38		     54
  39		     57
  42		     59
  44		     61
  48		     63
  49		     65
  50		     68
  52		     71
  53		     73
  53		     75
  56		     77
  57		     79
  58		     81
  60		     84
  62		     87
  63		     90
  66		     93
  67		     96
  69		     99
  70		    101
  72		    104
  73		    107
  74		    110
  75		    113
  76		    116
  77		    119
  77		    122
  78		    125
  81		    128
  83		    131
  84		    135
  85		    139
  86		    143
  87		    147
  90		    151
  93		    155
  94		    159
  94		    163
  94		    167
  96		    170
  96		    173
 107		    177
 108		    180
 109		    183
 110		    186
 113		    189
 114		    192
 114		    195
 115		    198
 116		    201
 116		    204
 116		    207
 117		    210
 118		    213
 118		    216
 120		    220
 122		    222
 123		    224
 124		    227
 124		    230
 127		    234
 127		    238
 128		    242
 129		    246
 131		    249
 131		    252
 136		    255
 139		    258
 140		    261
 142		    263
 149		    265
 150		    267
 150		    269
 151		    272
 152		    275
 158		    277
 159		    279
 160		    282
 161		    284
 164		    287
 168		    289
 168		    291
 168		    293
 168		    295
 172		    297
 172		    299
 176		    301
 177		    304
 177		    307
 178		    310
 181		    313
 182		    315
 183		    317
 186		    319
 186		    321
 186		    323
 187		    325
 192		    327
 192		    329
 194		    331
 196		    333
 202		    335
 207		    337
 210		    339
 212		    341
 212		    343
 215		    345
 216		    347
 224		    350
 231		    353
 237		    355
 239		    357
 242		    360
 244		    363
 250		    365
 250		    367
 254		    371
 254		    375
 255		    379
 256		    382
 257		    385
 258		    388
 259		    391
 259		    394
 260		    397
 260		    400
 261		    402
 262		    405
 263		    408
 268		    410
 270		    414
 272		    419
 272		    424
 272		    429
 276		    433
 279		    437
 279		    441
 282		    444
 285		    447
 286		    450
 287		    453
 290		    457
 290		    461
 292		    464
 296		    468
 296		    472
 296		    476
 297		    481
 300		    485
 303		    489
 304		    493
 304		    497
 304		    501
 305		    504
 306		    507
 310		    510
 310		    513
 310		    516
 313		    519
 319		    522
 322		    524
 323		    526
 323		    528
 323		    530
 326		    532
 330		    534
 334		    536
 335		    538
 336		    540
 339		    543
 347		    546
 349		    549
 350		    552
 352		    554
 352		    556
 352		    558
 353		    560
 353		    562
 353		    564
 356		    566
 360		    570
 361		    574
 370		    579
 371		    584
 374		    589
 376		    594
 380		    599
 381		    604
 385		    609
 386		    614
 387		    619
 391		    623
 392		    627
 392		    631
 396		    634
 396		    637
 399		    640
 399		    643
 401		    646
 403		    649
 404		    652
 411		    656
 417		    660
 418		    663
 424		    666
 430		    669
 431		    671
 435		    673
 435		    675
 435		    677
 436		    679
 437		    681
 440		    683
 440		    685
 448		    687
 450		    689
 456		    692
 457		    695
 460		    699
 461		    703
 462		    707
 468		    710
 469		    713
 470		    716
 471		    719
 474		    722
 487		    724
 488		    726
 491		    729
 492		    731
 494		    733
 495		    735
 496		    737
 498		    739
 504		    742
 510		    744
 512		    747
 512		    750
 512		    753
 512		    756
 513		    759
 514		    761
 516		    763
 519		    765
 523		    767
 524		    770
 525		    773
 526		    776
 528		    780
 528		    784
 529		    788
 530		    792
 530		    796
 532		    800
 533		    804
 538		    808
 539		    811
 540		    815
 541		    819
 546		    825
 549		    830
 550		    835
 553		    840
 555		    845
 558		    849
 559		    853
 563		    857
 563		    861
 567		    864
 569		    868
 569		    872
 570		    877
 573		    882
 574		    887
 579		    892
 579		    897
 584		    901
 585		    905
 587		    909
 588		    913
 589		    917
 591		    921
 591		    925
 592		    929
 593		    933
 595		    937
 596		    942
 596		    947
 599		    952
 602		    955
 604		    958
 607		    962
 610		    965
 613		    969
 613		    973
 614		    976
 615		    979
 619		    983
 620		    987
 620		    991
 626		    994
 627		    997
 629		   1000
 631		   1003
 631		   1006
 634		   1009
 635		   1013
 636		   1017
 637		   1021
 639		   1025
 641		   1028
 642		   1031
 642		   1034
 643		   1037
 644		   1040
 646		   1043
 647		   1045
 655		   1047
 658		   1049
 658		   1051
 659		   1053
 661		   1055
 666		   1057
 669		   1059
 681		   1062
 685		   1065
 686		   1068
 688		   1071
 691		   1073
 696		   1076
 696		   1079
 699		   1082
 701		   1084
 702		   1086
 703		   1088
 707		   1090
 707		   1092
 707		   1094
 709		   1096
 710		   1098
 711		   1100
 715		   1102
 717		   1104
 720		   1106
 721		   1108
 723		   1110
 727		   1112
 731		   1114
 732		   1116
 734		   1118
 734		   1120
 736		   1123
 737		   1126
 737		   1129
 740		   1132
 744		   1134
 751		   1136
 752		   1138
 754		   1140
 757		   1143
 757		   1146
 758		   1149
 758		   1152
 760		   1154
 760		   1156
 762		   1159
 762		   1162
 763		   1165
 763		   1168
 768		   1170
 768		   1172
 769		   1174
 769		   1176
 772		   1178
 773		   1180
 775		   1182
 775		   1184
 777		   1186
 780		   1188
 782		   1190
 788		   1192
 789		   1194
 791		   1196
 791		   1198
 797		   1200
 799		   1202
 799		   1204
 799		   1206
 800		   1208
 800		   1210
 801		   1215
 801		   1220
 804		   1225
 805		   1230
 806		   1235
 816		   1239
 816		   1243
 818		   1247
 820		   1251
 821		   1254
 821		   1257
 824		   1260
 827		   1263
 830		   1266
 835		   1270
 838		   1274
 840		   1278
 843		   1282
 845		   1286
 845		   1290
 847		   1294
 848		   1298
 848		   1302
 853		   1306
 857		   1310
 859		   1313
 865		   1316
 867		   1319
 867		   1322
 867		   1325
 868		   1328
 868		   1331
 869		   1334
 870		   1337
 871		   1340
 872		   1343
 872		   1346
 875		   1349
 876		   1352
 878		   1355
 878		   1358
 879		   1361
 880		   1364
 881		   1367
 882		   1370
 884		   1373
 886		   1376
 886		   1379
 887		   1382
 893		   1386
 896		   1389
 897		   1392
 902		   1395
 908		   1398
 908		   1401
 911		   1405
 911		   1409
 918		   1412
 921		   1415
 926		   1419
 930		   1425
 930		   1431
 936		   1435
 938		   1439
 938		   1443
 939		   1446
 941		   1449
 943		   1452
 946		   1455
 946		   1458
 947		   1461
 947		   1464
 947		   1467
 952		   1471
 952		   1475
 957		   1478
 957		   1481
 958		   1484
 958		   1487
 959		   1490
 959		   1493
 959		   1496
 959		   1499
 959		   1502
 959		   1505
 960		   1508
 960		   1511
 964		   1514
 975		   1518
 975		   1522
 977		   1526
 980		   1529
 982		   1532
 982		   1535
 983		   1538
 983		   1541
 985		   1544
 987		   1547
 992		   1550
 994		   1553
1000		   1557
1002		   1560
1002		   1563
1002		   1566
1004		   1569
1005		   1572
1006		   1574
1008		   1576
1008		   1578
1009		   1580
1009		   1582
1009		   1584
1014		   1586
1018		   1589
1018		   1592
1019		   1595
1021		   1597
1021		   1599
1026		   1601
1027		   1603
1027		   1605
1028		   1607
1028		   1609
1032		   1611
1035		   1613
1042		   1616
1043		   1620
1048		   1623
1053		   1626
1053		   1629
1054		   1632
1055		   1635
1055		   1638
1055		   1641
1058		   1644
1062		   1646
1063		   1649
1068		   1651
1070		   1653
1075		   1655
1079		   1657
1083		   1659
1086		   1661
1087		   1664
1087		   1667
1089		   1669
1089		   1671
1090		   1673
1091		   1676
1092		   1678
1094		   1680
1101		   1683
1103		   1686
1104		   1689
1109		   1691
1110		   1693
1114		   1696
1117		   1699
1120		   1702
1123		   1704
1123		   1706
1125		   1708
1125		   1710
1127		   1713
1132		   1716
1134		   1719
1135		   1721
1136		   1724
1138		   1728
1138		   1732
1142		   1736
1142		   1740
1146		   1743
1147		   1746
1148		   1749
1148		   1752
1149		   1755
1149		   1758
1149		   1761
1153		   1764
1154		   1767
1157		   1771
1160		   1775
1161		   1779
1161		   1783
1166		   1786
1167		   1789
1171		   1793
1172		   1796
1173		   1799
1174		   1802
1179		   1805
1183		   1808
1185		   1811
1186		   1814
1186		   1817
1187		   1819
1187		   1821
1187		   1823
1190		   1825
1191		   1827
1192		   1829
1197		   1831
1198		   1833
1198		   1835
1201		   1837
1203		   1839
1204		   1841
1206		   1843
1209		   1845
1211		   1847
1216		   1850
1216		   1853
1220		   1856
1221		   1859
1224		   1862
1225		   1865
1225		   1868
1234		   1871
1235		   1874
1236		   1877
1238		   1880
1238		   1883
1238		   1886
1243		   1889
1245		   1892
1246		   1895
1246		   1898
1249		   1901
1254		   1904
1254		   1907
1257		   1910
1260		   1913
1264		   1916
1270		   1919
1272		   1922
1275		   1925
1280		   1928
1281		   1932
1284		   1935
1287		   1938
1288		   1941
1295		   1943
1302		   1945
1304		   1947
1304		   1949
1305		   1951
1305		   1953
1306		   1955
1308		   1958
1310		   1962
1313		   1967
1318		   1971
1320		   1975
1320		   1979
1322		   1983
1323		   1986
1324		   1989
1326		   1992
1327		   1995
1334		   1998
1335		   2001
1337		   2004
1343		   2008
1349		   2011
1351		   2014
1352		   2017
1353		   2020
1354		   2023
1354		   2026
1361		   2029
1361		   2032
1365		   2035
1366		   2038
1367		   2041
1376		   2044
1378		   2047
1379		   2050
1381		   2054
1382		   2056
1385		   2058
1386		   2060
1391		   2062
1392		   2064
1394		   2066
1400		   2069
1402		   2071
1409		   2073
1410		   2075
1412		   2078
1413		   2081
1414		   2084
1414		   2087
1417		   2090
1418		   2093
1420		   2096
1423		   2099
1424		   2102
1425		   2105
1429		   2108
1433		   2111
1440		   2116
1442		   2120
1443		   2124
1448		   2127
1448		   2130
1449		   2133
1449		   2136
1451		   2139
1455		   2142
1456		   2145
1459		   2148
1463		   2151
1466		   2154
1467		   2157
1468		   2160
1472		   2163
1475		   2166
1475		   2169
1477		   2172
1478		   2175
1481		   2178
1484		   2181
1485		   2184
1485		   2187
1486		   2190
1486		   2193
1489		   2196
1489		   2199
1492		   2201
1493		   2203
1496		   2205
1497		   2207
1498		   2209
1499		   2211
1502		   2214
1503		   2216
1504		   2218
1511		   2220
1514		   2222
1514		   2224
1515		   2227
1519		   2230
1520		   2233
1520		   2236
1522		   2239
1527		   2242
1528		   2246
1529		   2250
1530		   2255
1530		   2260
1533		   2264
1533		   2268
1534		   2272
1535		   2276
1541		   2279
1544		   2282
1546		   2285
1548		   2288
1549		   2291
1551		   2294
1554		   2296
1554		   2298
1555		   2300
1556		   2302
1558		   2304
1559		   2307
1563		   2309
1564		   2311
1564		   2313
1565		   2315
1567		   2317
1568		   2319
1568		   2321
1568		   2323
1571		   2325
1577		   2327
1583		   2329
1584		   2331
1586		   2333
1589		   2335
1590		   2337
1591		   2339
1598		   2343
1598		   2347
1601		   2351
1604		   2354
1604		   2357
1605		   2360
1608		   2363
1610		   2366
1614		   2369
1614		   2372
1616		   2375
1616		   2378
1625		   2381
1626		   2384
1631		   2387
1631		   2390
1632		   2393
1633		   2396
1638		   2399
1638		   2402
1641		   2405
1642		   2407
1643		   2409
1647		   2412
1648		   2415
1652		   2417
1653		   2419
1653		   2421
1655		   2423
1659		   2425
1660		   2427
1662		   2429
1664		   2431
1665		   2433
1666		   2435
1676		   2436
1679		   2437
1682		   2438
1688		   2439
1689		   2440
1690		   2441
1690		   2442
1694		   2443
1694		   2444
1698		   2445
1700		   2446
1704		   2447
1707		   2449
1708		   2451
1710		   2453
1712		   2454
1721		   2455
1726		   2456
1726		   2457
1727		   2458
1728		   2459
1729		   2461
1735		   2462
1735		   2463
1736		   2464
1738		   2465
1741		   2466
1742		   2467
1742		   2468
1742		   2469
1743		   2470
1743		   2471
1743		   2472
1744		   2473
1745		   2474
1745		   2475
1745		   2476
1746		   2477
1746		   2478
1749		   2479
1749		   2480
1751		   2481
1751		   2482
1752		   2483
1752		   2484
1754		   2485
1756		   2486
1759		   2487
1759		   2488
1759		   2489
1761		   2490
1761		   2491
1763		   2494
1763		   2497
1764		   2500
1765		   2503
1768		   2505
1770		   2507
1773		   2509
1774		   2511
1776		   2513
1777		   2514
1784		   2515
1786		   2516
1789		   2517
1790		   2518
1792		   2520
1794		   2522
1794		   2524
1794		   2526
1796		   2528
1797		   2529
1801		   2530
1804		   2531
1806		   2532
1809		   2533
1811		   2534
1813		   2535
1816		   2536
1820		   2537
1825		   2540
1825		   2543
1832		   2546
1834		   2549
1840		   2552
1842		   2555
1847		   2558
1850		   2561
1851		   2564
1852		   2567
1856		   2569
1859		   2571
1861		   2574
1862		   2576
1867		   2578
1868		   2580
1873		   2583
1876		   2585
1876		   2587
1877		   2589
1877		   2591
1878		   2593
1878		   2595
1879		   2597
1882		   2600
1884		   2603
1884		   2606
1884		   2609
1886		   2612
1892		   2615
1894		   2617
1894		   2619
1899		   2621
1900		   2622
1902		   2627
1905		   2632
1909		   2636
1914		   2640
1917		   2643
1921		   2646
1924		   2649
1924		   2652
1924		   2655
1925		   2658
1925		   2661
1926		   2664
1927		   2667
1929		   2670
1929		   2673
1931		   2675
1932		   2677
1933		   2679
1937		   2681
1940		   2683
1940		   2685
1941		   2687
1941		   2689
1942		   2691
1948		   2693
1953		   2695
1955		   2697
1956		   2699
1956		   2701
1956		   2703
1957		   2705
1958		   2707
1964		   2710
1968		   2713
1973		   2716
1975		   2719
1975		   2722
1976		   2725
1977		   2728
1979		   2730
1981		   2732
1982		   2734
1983		   2736
1983		   2738
1986		   2740
1986		   2742
1988		   2744
1989		   2746
1990		   2748
1990		   2750
1991		   2752
1991		   2754
1992		   2756
1995		   2758
1996		   2760
1996		   2762
1996		   2764
2000		   2766
2000		   2768
2001		   2770
2008		   2772
2011		   2774
2013		   2776
2014		   2778
2024		   2780
2025		   2782
2029		   2784
2032		   2786
2034		   2788
2035		   2790
2037		   2793
2037		   2796
2038		   2799
2039		   2802
2040		   2806
2042		   2810
2042		   2814
2043		   2818
2043		   2822
2050		   2825
2050		   2828
2053		   2832
2055		   2836
2056		   2840
2056		   2844
2058		   2848
2060		   2851
2061		   2854
2061		   2857
2063		   2861
2069		   2864
2069		   2867
2069		   2870
2071		   2874
2072		   2878
2073		   2882
2074		   2886
2074		   2890
2082		   2894
2086		   2898
2091		   2902
2092		   2906
2095		   2909
2100		   2912
2101		   2915
2101		   2918
2103		   2921
2104		   2924
2104		   2927
2109		   2930
2110		   2933
2110		   2936
2111		   2939
2111		   2942
2118		   2945
2120		   2948
2124		   2951
2132		   2954
2140		   2958
2141		   2962
2141		   2966
2147		   2969
2151		   2972
2152		   2974
2154		   2976
2155		   2978
2157		   2980
2158		   2982
2159		   2984
2160		   2986
2161		   2988
2164		   2990
2166		   2992
2167		   2994
2172		   2997
2173		   2999
2173		   3001
2176		   3003
2181		   3006
2186		   3008
2187		   3010
2189		   3013
2190		   3016
2190		   3019
2192		   3022
2196		   3025
2196		   3028
2197		   3031
2199		   3035
2200		   3039
2202		   3043
2203		   3047
2203		   3051
2206		   3054
2206		   3057
2210		   3060
2210		   3063
2211		   3066
2212		   3069
2215		   3072
2218		   3075
2225		   3078
2227		   3081
2234		   3083
2234		   3085
2244		   3088
2247		   3091
2251		   3094
2251		   3097
2254		   3101
2255		   3104
2256		   3107
2260		   3110
2267		   3112
2269		   3114
2269		   3116
2271		   3118
2271		   3120
2272		   3122
2273		   3124
2275		   3126
2277		   3128
2280		   3130
2280		   3132
2283		   3135
2286		   3138
2288		   3141
2289		   3144
2290		   3147
2292		   3150
2292		   3153
2293		   3155
2293		   3157
2296		   3159
2296		   3161
2297		   3163
2298		   3166
2298		   3169
2299		   3171
2300		   3173
2300		   3175
2302		   3177
2303		   3179
2305		   3181
2307		   3183
2308		   3185
2310		   3187
2313		   3191
2315		   3194
2320		   3197
2322		   3200
2324		   3203
2326		   3206
2326		   3209
2327		   3212
2327		   3215
2327		   3218
2328		   3221
2328		   3224
2331		   3227
2331		   3230
2334		   3233
2334		   3236
2335		   3239
2337		   3241
2337		   3243
2339		   3245
2345		   3248
2346		   3251
2346		   3254
2347		   3257
2348		   3260
2349		   3263
2351		   3265
2353		   3267
2362		   3270
2366		   3272
2368		   3274
2373		   3276
2376		   3279
2376		   3282
2376		   3285
2377		   3288
2381		   3290
2381		   3292
2382		   3294
2383		   3296
2386		   3298
2386		   3300
2393		   3302
2394		   3304
2394		   3306
2394		   3308
2400		   3311
2402		   3314
2404		   3319
2407		   3323
2408		   3327
2409		   3331
2414		   3335
2417		   3339
2417		   3343
2418		   3347
2420		   3351
2424		   3355
2426		   3359
2427		   3363
2428		   3367
2428		   3371
2429		   3375
2431		   3379
2431		   3383
2432		   3387
2437		   3391
2438		   3394
2438		   3397
2439		   3400
2439		   3403
2440		   3406
2441		   3409
2443		   3413
2450		   3416
2451		   3419
2458		   3422
2459		   3425
2461		   3428
2463		   3431
2464		   3434
2467		   3437
2467		   3440
2470		   3443
2470		   3446
2472		   3449
2473		   3452
2475		   3455
2475		   3458
2478		   3461
2481		   3463
2483		   3465
2483		   3467
2484		   3469
2485		   3471
2486		   3473
2490		   3475
2491		   3477
2493		   3479
2493		   3481
2493		   3483
2493		   3485
2494		   3487
2496		   3490
2496		   3493
2496		   3496
2496		   3499
2497		   3502
2498		   3504
2499		   3506
2500		   3508
2501		   3510
2505		   3512
2507		   3514
2508		   3516
2512		   3518
2512		   3520
2515		   3522
2515		   3524
2523		   3527
2525		   3530
2530		   3533
2531		   3536
2533		   3538
2538		   3540
2538		   3542
2540		   3544
2541		   3546
2547		   3549
2551		   3552
2553		   3554
2553		   3556
2557		   3558
2557		   3560
2557		   3562
2559		   3564
2560		   3566
2563		   3569
2563		   3572
2564		   3575
2566		   3578
2568		   3580
2570		   3582
2580		   3584
2582		   3586
2582		   3588
2584		   3590
2585		   3592
2586		   3595
2587		   3598
2587		   3601
2589		   3603
2589		   3605
2590		   3607
2591		   3609
2592		   3611
2594		   3613
2596		   3615
2601		   3617
2603		   3619
2604		   3621
2606		   3623
2606		   3625
2612		   3627
2613		   3629
2617		   3631
2619		   3634
2619		   3637
2620		   3640
2621		   3643
2623		   3647
2626		   3650
2631		   3653
2633		   3656
2634		   3659
2638		   3662
2639		   3665
2639		   3668
2643		   3671
2644		   3674
2646		   3677
2649		   3681
2649		   3685
2650		   3689
2650		   3693
2652		   3698
2654		   3702
2657		   3706
2659		   3710
2660		   3713
2661		   3717
2663		   3721
2667		   3724
2669		   3727
2669		   3730
2671		   3733
2671		   3736
2672		   3739
2676		   3742
2679		   3745
2686		   3747
2690		   3749
2692		   3751
2695		   3753
2697		   3756
2699		   3758
2700		   3760
2700		   3762
2701		   3764
2704		   3766
2709		   3768
2709		   3770
2710		   3772
2711		   3774
2715		   3777
2718		   3780
2719		   3783
2720		   3786
2720		   3789
2722		   3791
2723		   3793
2724		   3795
2726		   3797
2728		   3799
2733		   3801
2734		   3803
2738		   3805
2741		   3807
2742		   3809
2743		   3811
2751		   3813
2752		   3815
2754		   3818
2760		   3822
2760		   3826
2761		   3830
2763		   3834
2763		   3838
2765		   3841
2766		   3844
2770		   3847
2772		   3850
2774		   3853
2775		   3856
2777		   3859
2777		   3862
2780		   3865
2780		   3868
2781		   3871
2784		   3874
2784		   3877
2786		   3880
2788		   3883
2789		   3885
2789		   3887
2790		   3889
2795		   3892
2798		   3894
2799		   3896
2799		   3898
2800		   3900
2802		   3902
2803		   3904
2806		   3908
2811		   3911
2812		   3914
2815		   3917
2816		   3920
2819		   3923
2819		   3926
2830		   3928
2831		   3930
2833		   3932
2833		   3934
2835		   3936
2835		   3938
2836		   3940
2843		   3942
2843		   3944
2844		   3946
2847		   3948
2850		   3950
2851		   3952
2853		   3955
2853		   3958
2854		   3961
2856		   3964
2857		   3967
2857		   3970
2860		   3973
2861		   3976
2866		   3980
2869		   3984
2873		   3986
2876		   3988
2878		   3992
2878		   3996
2880		   3999
2886		   4002
2888		   4005
2892		   4008
2893		   4011
2894		   4015
2900		   4019
2902		   4022
2902		   4025
2904		   4028
2905		   4031
2906		   4034
2908		   4037
2908		   4040
2909		   4043
2912		   4046
2915		   4050
2916		   4054
2916		   4058
2918		   4062
2918		   4066
2921		   4070
2924		   4072
2927		   4075
2929		   4078
2930		   4081
2932		   4084
2932		   4087
2933		   4089
2933		   4091
2934		   4093
2936		   4095
2939		   4097
2940		   4099
2941		   4101
2942		   4103
2943		   4106
2944		   4109
2944		   4112
2945		   4115
2949		   4118
2949		   4121
2951		   4125
2956		   4130
2957		   4135
2957		   4140
2958		   4145
2958		   4150
2958		   4155
2959		   4161
2964		   4167
2965		   4173
2972		   4177
2972		   4181
2973		   4185
2974		   4189
2975		   4193
2975		   4197
2976		   4201
2977		   4205
2978		   4209
2980		   4213
2981		   4217
2983		   4220
2983		   4223
2986		   4226
2992		   4230
2992		   4234
2993		   4236
2995		   4238
2996		   4241
2999		   4244
2999		   4247
3002		   4250
3002		   4253
3003		   4255
3007		   4257
3007		   4259
3008		   4261
3010		   4263
3015		   4265
3016		   4267
3017		   4269
3018		   4271
3021		   4273
3022		   4275
3022		   4277
3023		   4279
3023		   4281
3023		   4283
3024		   4285
3026		   4287
3031		   4289
3032		   4291
3036		   4294
3036		   4297
3037		   4300
3037		   4303
3038		   4306
3042		   4308
3043		   4310
3043		   4312
3044		   4314
3046		   4316
3046		   4318
3049		   4320
3050		   4322
3053		   4324
3054		   4326
3058		   4329
3059		   4331
3062		   4333
3063		   4336
3064		   4339
3069		   4342
3069		   4345
3069		   4348
3072		   4351
3073		   4354
3078		   4359
3078		   4364
3078		   4369
3079		   4374
3080		   4378
3080		   4382
3081		   4386
3081		   4390
3083		   4394
3088		   4397
3088		   4400
3090		   4403
3091		   4406
3094		   4409
3098		   4412
3101		   4414
3102		   4416
3102		   4418
3107		   4420
3111		   4422
3118		   4424
3124		   4428
3124		   4432
3127		   4435
3130		   4438
3133		   4441
3134		   4444
3137		   4447
3141		   4450
3143		   4453
3146		   4456
3147		   4459
3149		   4463
3150		   4467
3150		   4471
3151		   4475
3156		   4478
3157		   4481
3157		   4484
3159		   4487
3162		   4490
3163		   4493
3163		   4496
3165		   4499
3165		   4502
3165		   4505
3169		   4508
3171		   4511
3171		   4514
3172		   4517
3172		   4520
3172		   4523
3174		   4527
3179		   4532
3179		   4537
3181		   4542
3182		   4547
3183		   4552
3185		   4556
3185		   4560
3187		   4564
3188		   4568
3190		   4572
3190		   4576
3193		   4580
3193		   4584
3193		   4588
3195		   4593
3198		   4597
3198		   4601
3198		   4605
3200		   4609
3201		   4613
3202		   4618
3202		   4623
3202		   4628
3203		   4632
3205		   4637
3213		   4641
3215		   4645
3219		   4649
3220		   4653
3221		   4656
3225		   4659
3228		   4662
3236		   4666
3241		   4670
3244		   4674
3245		   4678
3253		   4680
3255		   4682
3256		   4684
3257		   4686
3259		   4688
3268		   4691
3271		   4694
3271		   4697
3280		   4701
3281		   4704
3281		   4707
3286		   4710
3287		   4713
3287		   4716
3288		   4719
3290		   4722
3292		   4725
3293		   4728
3294		   4731
3295		   4734
3295		   4737
3296		   4740
3297		   4743
3301		   4747
3302		   4751
3303		   4754
3303		   4757
3307		   4759
3308		   4761
3315		   4764
3315		   4767
3316		   4770
3316		   4773
3316		   4776
3319		   4778
3320		   4780
3320		   4782
3321		   4784
3327		   4787
3328		   4790
3328		   4793
3332		   4796
3333		   4799
3333		   4802
3338		   4805
3339		   4808
3346		   4811
3347		   4814
3348		   4817
3348		   4820
3349		   4823
3354		   4826
3362		   4830
3363		   4834
3364		   4838
3369		   4841
3370		   4844
3370		   4847
3370		   4850
3373		   4853
3375		   4856
3378		   4859
3381		   4862
3385		   4864
3390		   4869
3391		   4874
3393		   4879
3397		   4882
3398		   4885
3398		   4888
3399		   4891
3400		   4894
3403		   4897
3403		   4900
3403		   4903
3412		   4907
3413		   4911
3415		   4914
3415		   4917
3418		   4919
3418		   4921
3419		   4923
3421		   4925
3422		   4928
3426		   4931
3428		   4934
3428		   4937
3428		   4940
3428		   4943
3435		   4946
3437		   4949
3439		   4951
3441		   4953
3444		   4956
3444		   4959
3445		   4962
3446		   4965
3446		   4968
3446		   4971
3447		   4974
3454		   4976
3458		   4979
3458		   4982
3461		   4984
3461		   4986
3465		   4989
3465		   4992
3469		   4996
3474		   4999
3476		   5002
3480		   5005
3482		   5008
3483		   5011
3484		   5014
3485		   5017
3485		   5020
3486		   5023
3487		   5026
3489		   5029
3491		   5032
3492		   5035
3493		   5038
3494		   5041
3495		   5044
3501		   5047
3501		   5050
3503		   5053
3503		   5056
3506		   5059
3510		   5062
3513		   5064
3515		   5067
3515		   5070
3518		   5072
3519		   5074
3522		   5076
3523		   5078
3524		   5080
3528		   5083
3529		   5087
3532		   5091
3533		   5094
3534		   5097
3537		   5100
3537		   5103
3537		   5106
3538		   5109
3540		   5111
3541		   5114
3542		   5117
3544		   5120
3554		   5123
3555		   5126
3556		   5129
3558		   5132
3558		   5135
3558		   5138
3566		   5141
3566		   5144
3567		   5147
3576		   5151
3579		   5155
3580		   5158
3589		   5162
3590		   5166
3590		   5170
3591		   5174
3593		   5178
3596		   5183
3598		   5187
3604		   5191
3605		   5195
3605		   5199
3606		   5203
3606		   5207
3608		   5211
3610		   5214
3611		   5217
3621		   5221
3623		   5226
3624		   5231
3628		   5236
3630		   5241
3630		   5246
3631		   5250
3633		   5254
3633		   5258
3634		   5262
3637		   5265
3638		   5268
3640		   5272
3642		   5276
3644		   5279
3645		   5282
3645		   5285
3652		   5288
3654		   5291
3658		   5294
3660		   5297
3661		   5300
3661		   5303
3662		   5306
3662		   5309
3666		   5313
3667		   5317
3669		   5321
3669		   5325
3674		   5327
3674		   5329
3677		   5331
3678		   5333
3679		   5335
3681		   5337
3682		   5340
3683		   5343
3683		   5346
3693		   5348
3694		   5350
3694		   5352
3696		   5354
3700		   5356
3700		   5358
3702		   5362
3703		   5366
3705		   5368
3708		   5371
3718		   5375
3720		   5378
3725		   5381
3726		   5384
3726		   5387
3727		   5390
3727		   5393
3731		   5395
3736		   5398
3745		   5400
3748		   5402
3748		   5404
3750		   5406
3757		   5408
3759		   5410
3760		   5412
3760		   5414
3761		   5416
3763		   5418
3764		   5421
3764		   5424
3766		   5427
3766		   5430
3768		   5433
3769		   5435
3770		   5437
3778		   5439
3782		   5441
3785		   5443
3786		   5445
3786		   5447
3787		   5449
3787		   5451
3789		   5453
3790		   5455
3797		   5457
3799		   5459
3804		   5462
3805		   5465
3807		   5468
3810		   5471
3812		   5473
3814		   5475
3817		   5478
3818		   5481
3819		   5484
3823		   5487
3825		   5489
3828		   5491
3828		   5493
3829		   5495
3831		   5497
3832		   5499
3837		   5501
3840		   5504
3842		   5507
3842		   5510
3846		   5513
3847		   5516
3847		   5519
3847		   5522
3849		   5525
3852		   5528
3855		   5531
3856		   5534
3858		   5537
3860		   5540
3861		   5543
3865		   5546
3868		   5549
3870		   5552
3870		   5555
3871		   5558
3872		   5561
3873		   5564
3877		   5567
3878		   5570
3879		   5573
3880		   5576
3880		   5579
3881		   5582
3882		   5585
3882		   5588
3884		   5591
3884		   5594
3885		   5597
3886		   5600
3891		   5603
3899		   5608
3899		   5613
3902		   5617
3904		   5621
3907		   5625
3907		   5629
3908		   5633
3914		   5636
3916		   5639
3917		   5642
3917		   5645
3918		   5648
3919		   5651
3921		   5654
3923		   5657
3924		   5659
3924		   5661
3925		   5664
3931		   5666
3933		   5668
3934		   5670
3938		   5672
3938		   5674
3939		   5676
3939		   5678
3940		   5680
3941		   5682
3942		   5684
3946		   5687
3949		   5689
3950		   5692
3953		   5695
3954		   5697
3956		   5699
3958		   5701
3958		   5703
3960		   5706
3964		   5708
3968		   5710
3969		   5712
3969		   5714
3969		   5716
3970		   5718
3970		   5720
3978		   5722
3979		   5724
3983		   5726
3989		   5728
3990		   5730
3990		   5732
3990		   5734
3994		   5737
3996		   5740
3998		   5744
4003		   5747
4008		   5750
4010		   5753
4011		   5755
4011		   5757
4015		   5759
4017		   5761
4018		   5763
4018		   5765
4026		   5768
4026		   5771
4029		   5773
4030		   5776
4031		   5780
4037		   5784
4039		   5788
4042		   5792
4042		   5796
4045		   5802
4046		   5807
4049		   5812
4055		   5817
4057		   5822
4057		   5827
4062		   5831
4067		   5835
4069		   5839
4069		   5843
4069		   5847
4070		   5851
4070		   5855
4071		   5859
4073		   5863
4080		   5868
4081		   5874
4082		   5879
4082		   5884
4083		   5889
4087		   5894
4088		   5898
4089		   5902
4089		   5906
4091		   5910
4091		   5914
4095		   5918
4096		   5922
4097		   5926
4098		   5931
4098		   5936
4098		   5941
4100		   5945
4100		   5949
4105		   5953
4105		   5957
4107		   5960
4107		   5963
4107		   5966
4109		   5969
4111		   5972
4112		   5975
4112		   5978
4112		   5981
4114		   5984
4122		   5988
4123		   5992
4124		   5995
4125		   5998
4129		   6001
4130		   6004
4131		   6007
4132		   6010
4133		   6013
4136		   6016
4137		   6019
4139		   6022
4140		   6025
4140		   6028
4145		   6032
4146		   6036
4146		   6040
4148		   6044
4149		   6048
4150		   6052
4151		   6056
4154		   6060
4158		   6063
4163		   6066
4165		   6068
4166		   6070
4169		   6072
4171		   6074
4173		   6077
4175		   6079
4180		   6081
4183		   6083
4186		   6085
4187		   6087
4190		   6089
4191		   6091
4193		   6093
4193		   6095
4194		   6097
4200		   6099
4201		   6101
4207		   6103
4207		   6105
4209		   6107
4211		   6109
4212		   6111
4213		   6113
4213		   6115
4213		   6117
4215		   6120
4215		   6123
4218		   6126
4218		   6129
4220		   6132
4221		   6135
4222		   6138
4223		   6141
4223		   6144
4224		   6148
4225		   6152
4225		   6156
4227		   6159
4228		   6162
4230		   6165
4238		   6167
4240		   6169
4255		   6172
4257		   6174
4260		   6177
4260		   6180
4263		   6183
4264		   6186
4267		   6189
4271		   6192
4276		   6194
4279		   6197
4280		   6200
4282		   6202
4284		   6204
4285		   6206
4286		   6209
4289		   6213
4292		   6218
4294		   6223
4295		   6228
4295		   6233
4296		   6238
4298		   6242
4303		   6245
4303		   6248
4303		   6251
4309		   6255
4313		   6259
4314		   6263
4315		   6266
4315		   6269
4316		   6272
4317		   6275
4317		   6278
4319		   6281
4319		   6284
4323		   6287
4324		   6291
4328		   6295
4328		   6299
4329		   6302
4335		   6305
4337		   6308
4340		   6312
4342		   6316
4347		   6321
4349		   6326
4349		   6331
4350		   6336
4350		   6341
4353		   6345
4358		   6349
4363		   6353
4364		   6357
4365		   6360
4366		   6363
4367		   6366
4369		   6369
4373		   6373
4375		   6377
4385		   6380
4387		   6383
4389		   6386
4393		   6390
4396		   6393
4398		   6396
4400		   6399
4401		   6402
4403		   6405
4406		   6408
4409		   6411
4410		   6414
4410		   6417
4412		   6420
4415		   6423
4416		   6426
4417		   6428
4417		   6430
4418		   6432
4421		   6435
4422		   6438
4425		   6440
4428		   6444
4428		   6448
4435		   6451
4435		   6454
4437		   6457
4439		   6460
4442		   6463
4443		   6466
4446		   6469
4446		   6472
4447		   6475
4447		   6478
4447		   6481
4451		   6483
4453		   6485
4454		   6487
4455		   6489
4461		   6491
4461		   6493
4462		   6495
4462		   6497
4463		   6499
4465		   6501
4465		   6503
4465		   6505
4466		   6507
4471		   6510
4471		   6513
4472		   6516
4477		   6518
4478		   6520
4481		   6523
4485		   6526
4485		   6529
4486		   6532
4487		   6535
4488		   6538
4488		   6541
4491		   6544
4492		   6547
4492		   6550
4495		   6552
4495		   6554
4495		   6556
4506		   6559
4506		   6562
4509		   6565
4510		   6568
4511		   6571
4513		   6574
4522		   6577
4522		   6580
4523		   6583
4523		   6586
4524		   6590
4525		   6593
4526		   6596
4526		   6599
4527		   6602
4528		   6605
4529		   6608
4529		   6611
4532		   6614
4535		   6617
4536		   6620
4537		   6623
4537		   6626
4538		   6630
4542		   6633
4543		   6636
4544		   6639
4545		   6642
4547		   6645
4548		   6648
4551		   6651
4554		   6654
4555		   6657
4556		   6660
4561		   6663
4562		   6666
4564		   6669
4565		   6672
4569		   6676
4571		   6681
4573		   6686
4576		   6691
4581		   6696
4581		   6701
4583		   6707
4584		   6712
4585		   6717
4589		   6723
4589		   6729
4592		   6735
4595		   6740
4600		   6745
4602		   6749
4602		   6753
4604		   6758
4604		   6763
4605		   6769
4607		   6774
4619		   6779
4623		   6783
4625		   6787
4626		   6791
4628		   6795
4628		   6799
4635		   6803
4635		   6807
4636		   6811
4641		   6815
4641		   6819
4643		   6823
4646		   6827
4646		   6831
4647		   6835
4650		   6839
4650		   6843
4656		   6847
4657		   6851
4660		   6854
4660		   6857
4660		   6860
4662		   6863
4664		   6866
4667		   6869
4672		   6872
4672		   6875
4673		   6878
4673		   6881
4674		   6884
4680		   6887
4680		   6890
4680		   6893
4681		   6896
4682		   6899
4682		   6902
4683		   6906
4683		   6910
4684		   6913
4684		   6916
4685		   6919
4687		   6922
4687		   6925
4689		   6928
4693		   6931
4695		   6934
4696		   6937
4697		   6940
4697		   6943
4700		   6946
4702		   6949
4702		   6952
4710		   6955
4712		   6958
4718		   6961
4718		   6964
4719		   6967
4721		   6971
4721		   6975
4723		   6978
4725		   6981
4728		   6984
4729		   6988
4731		   6991
4732		   6994
4733		   6997
4735		   7002
4736		   7006
4739		   7010
4741		   7013
4746		   7016
4746		   7019
4753		   7023
4758		   7025
4759		   7027
4762		   7030
4763		   7033
4768		   7035
4771		   7038
4773		   7041
4774		   7044
4777		   7046
4777		   7048
4779		   7050
4779		   7052
4780		   7054
4782		   7056
4786		   7059
4788		   7062
4788		   7065
4790		   7068
4791		   7071
4794		   7075
4795		   7078
4797		   7081
4800		   7084
4801		   7086
4802		   7088
4811		   7090
4812		   7092
4813		   7094
4813		   7096
4814		   7098
4814		   7100
4815		   7103
4819		   7105
4821		   7107
4823		   7110
4825		   7112
4826		   7114
4826		   7116
4828		   7118
4829		   7120
4830		   7122
4831		   7124
4831		   7126
4833		   7128
4833		   7130
4835		   7132
4839		   7134
4840		   7136
4844		   7138
4852		   7141
4853		   7144
4854		   7147
4856		   7151
4861		   7155
4861		   7159
4862		   7163
4863		   7167
4864		   7171
4865		   7175
4872		   7178
4872		   7181
4874		   7184
4876		   7187
4876		   7190
4882		   7194
4882		   7198
4883		   7201
4884		   7204
4887		   7207
4887		   7210
4893		   7213
4893		   7216
4896		   7219
4896		   7222
4899		   7225
4901		   7228
4901		   7231
4902		   7234
4902		   7237
4908		   7241
4909		   7245
4911		   7249
4913		   7253
4917		   7256
4918		   7259
4919		   7262
4931		   7266
4932		   7270
4937		   7275
4944		   7279
4945		   7284
4946		   7289
4946		   7294
4947		   7299
4949		   7304
4949		   7309
4949		   7314
4951		   7318
4956		   7322
4956		   7326
4959		   7330
4966		   7333
4967		   7336
4967		   7339
4967		   7342
4968		   7345
4969		   7348
4969		   7351
4969		   7354
4974		   7357
4976		   7360
4976		   7363
4978		   7366
4981		   7369
4982		   7372
4985		   7375
4986		   7378
4987		   7381
4995		   7385
4996		   7389
4996		   7393
5002		   7396
5004		   7399
5005		   7402
5008		   7405
5011		   7409
5012		   7412
5013		   7415
5014		   7418
5015		   7422
5017		   7426
5018		   7430
5018		   7434
5018		   7438
5023		   7441
5026		   7444
5027		   7447
5027		   7450
5031		   7453
5032		   7456
5033		   7459
5037		   7464
5037		   7469
5038		   7474
5042		   7478
5043		   7482
5046		   7487
5047		   7491
5054		   7495
5055		   7499
5056		   7502
5056		   7505
5057		   7508
5057		   7511
5058		   7514
5062		   7517
5063		   7520
5066		   7523
5069		   7526
5073		   7530
5079		   7534
5080		   7538
5082		   7541
5083		   7544
5090		   7547
5096		   7550
5097		   7553
5098		   7556
5100		   7559
5104		   7562
5107		   7565
5107		   7568
5108		   7571
5109		   7574
5109		   7577
5112		   7580
5113		   7583
5115		   7586
5115		   7589
5122		   7592
5122		   7595
5128		   7599
5128		   7603
5131		   7607
5135		   7610
5139		   7613
5139		   7616
5140		   7619
5143		   7623
5146		   7626
5148		   7629
5150		   7632
5153		   7636
5154		   7640
5154		   7644
5154		   7648
5155		   7653
5159		   7657
5160		   7661
5162		   7665
5164		   7668
5165		   7672
5166		   7675
5169		   7678
5170		   7681
5171		   7685
5173		   7688
5176		   7691
5177		   7694
5181		   7698
5185		   7702
5186		   7706
5190		   7710
5191		   7714
5191		   7718
5191		   7722
5192		   7726
5193		   7730
5195		   7734
5196		   7738
5205		   7741
5205		   7744
5205		   7747
5205		   7750
5206		   7753
5213		   7756
5215		   7759
5216		   7762
5218		   7765
5220		   7767
5220		   7769
5220		   7771
5222		   7774
5223		   7777
5226		   7779
5227		   7781
5229		   7783
5229		   7785
5230		   7787
5231		   7789
5233		   7791
5235		   7794
5236		   7797
5238		   7799
5244		   7801
5246		   7805
5247		   7809
5247		   7813
5249		   7817
5250		   7821
5253		   7824
5257		   7828
5258		   7832
5259		   7836
5260		   7840
5260		   7844
5260		   7848
5265		   7852
5269		   7856
5270		   7860
5275		   7865
5277		   7870
5279		   7875
5280		   7879
5281		   7883
5286		   7887
5287		   7891
5288		   7894
5289		   7897
5290		   7900
5290		   7903
5290		   7906
5291		   7909
5292		   7912
5296		   7915
5304		   7919
5305		   7923
5307		   7926
5308		   7929
5314		   7933
5315		   7937
5316		   7941
5318		   7945
5323		   7949
5325		   7953
5325		   7957
5325		   7961
5326		   7964
5327		   7967
5328		   7970
5329		   7973
5329		   7976
5332		   7980
5336		   7983
5336		   7986
5338		   7989
5339		   7992
5340		   7995
5344		   7998
5347		   8001
5351		   8003
5351		   8005
5352		   8009
5353		   8012
5354		   8015
5356		   8018
5357		   8021
5358		   8024
5358		   8027
5360		   8030
5361		   8033
5361		   8036
5365		   8039
5366		   8042
5366		   8045
5367		   8048
5368		   8050
5371		   8052
5374		   8054
5375		   8056
5380		   8059
5381		   8062
5382		   8064
5382		   8066
5383		   8068
5387		   8071
5388		   8074
5389		   8077
5389		   8080
5391		   8083
5393		   8085
5394		   8087
5396		   8089
5397		   8091
5400		   8093
5404		   8096
5404		   8099
5405		   8102
5407		   8106
5407		   8110
5409		   8114
5411		   8118
5412		   8122
5412		   8126
5413		   8130
5415		   8133
5417		   8136
5421		   8139
5424		   8143
5428		   8149
5429		   8154
5431		   8159
5432		   8164
5435		   8170
5439		   8176
5444		   8182
5445		   8188
5449		   8192
5450		   8196
5451		   8200
5451		   8204
5457		   8208
5458		   8212
5458		   8216
5462		   8220
5463		   8223
5464		   8226
5469		   8229
5472		   8232
5474		   8236
5482		   8240
5482		   8244
5483		   8248
5483		   8252
5484		   8256
5487		   8260
5488		   8264
5489		   8268
5490		   8272
5494		   8275
5497		   8279
5500		   8283
5504		   8287
5506		   8291
5507		   8295
5508		   8299
5508		   8303
5509		   8307
5510		   8311
5510		   8315
5511		   8319
5511		   8323
5512		   8327
5513		   8330
5515		   8333
5518		   8336
5520		   8339
5523		   8342
5526		   8346
5533		   8349
5533		   8352
5538		   8354
5539		   8356
5540		   8358
5542		   8361
5544		   8364
5545		   8366
5546		   8368
5548		   8370
5550		   8372
5551		   8374
5554		   8376
5557		   8378
5559		   8380
5562		   8382
5562		   8384
5565		   8386
5567		   8388
5568		   8390
5572		   8393
5573		   8396
5575		   8399
5587		   8402
5587		   8405
5588		   8408
5591		   8411
5591		   8414
5591		   8417
5593		   8420
5594		   8423
5595		   8426
5601		   8428
5603		   8430
5605		   8432
5608		   8436
5609		   8440
5609		   8444
5611		   8448
5612		   8452
5617		   8455
5622		   8458
5624		   8462
5625		   8465
5625		   8468
5626		   8471
5630		   8474
5631		   8477
5633		   8480
5634		   8483
5638		   8486
5643		   8489
5644		   8493
5651		   8496
5655		   8500
5657		   8504
5657		   8508
5657		   8512
5658		   8516
5661		   8520
5662		   8524
5667		   8529
5668		   8534
5669		   8539
5673		   8544
5673		   8549
5676		   8553
5677		   8557
5679		   8561
5680		   8565
5688		   8568
5690		   8571
5695		   8574
5700		   8577
5704		   8580
5706		   8584
5709		   8588
5710		   8592
5710		   8596
5721		   8599
5723		   8602
5725		   8605
5727		   8609
5727		   8613
5733		   8616
5735		   8620
5735		   8624
5736		   8628
5737		   8632
5738		   8636
5738		   8640
5739		   8644
5740		   8647
5740		   8650
5740		   8653
5740		   8656
5741		   8659
5742		   8662
5743		   8665
5743		   8668
5744		   8671
5745		   8674
5745		   8677
5746		   8680
5749		   8683
5751		   8686
5752		   8689
5753		   8692
5755		   8695
5760		   8698
5764		   8701
5765		   8704
5767		   8707
5770		   8710
5771		   8714
5772		   8717
5774		   8720
5776		   8723
5776		   8726
5776		   8729
5777		   8732
5786		   8735
5786		   8738
5786		   8741
5789		   8744
5789		   8747
5793		   8751
5797		   8757
5800		   8762
5802		   8767
5804		   8771
5805		   8776
5807		   8780
5811		   8784
5811		   8788
5812		   8792
5812		   8796
5815		   8799
5820		   8803
5820		   8807
5824		   8812
5825		   8817
5827		   8822
5829		   8826
5834		   8830
5839		   8834
5841		   8838
5843		   8842
5844		   8846
5852		   8850
5853		   8854
5856		   8858
5858		   8863
5859		   8868
5861		   8872
5861		   8876
5866		   8880
5871		   8883
5872		   8886
5873		   8889
5875		   8892
5876		   8895
5879		   8898
5879		   8901
5879		   8904
5883		   8907
5889		   8910
5892		   8913
5893		   8916
5895		   8920
5898		   8923
5900		   8926
5903		   8929
5904		   8932
5905		   8935
5905		   8938
5907		   8941
5909		   8944
5910		   8947
5913		   8950
5914		   8953
5916		   8957
5917		   8961
5917		   8965
5921		   8969
5927		   8973
5927		   8977
5930		   8980
5932		   8983
5935		   8987
5941		   8991
5941		   8995
5945		   8999
5946		   9002
5948		   9005
5949		   9008
5950		   9011
5951		   9014
5953		   9016
5955		   9018
5960		   9020
5969		   9023
5972		   9026
5974		   9029
5975		   9032
5978		   9034
5978		   9036
5979		   9038
5979		   9040
5979		   9042
5981		   9044
5981		   9046
5984		   9049
5986		   9052
5987		   9055
5988		   9058
5991		   9060
5994		   9062
5994		   9064
5995		   9066
5997		   9070
5998		   9074
6003		   9077
6007		   9079
6008		   9081
6008		   9083
6009		   9085
6009		   9087
6010		   9089
6021		   9093
6022		   9097
6023		   9099
6026		   9101
6032		   9103
6034		   9105
6034		   9107
6035		   9109
6036		   9111
6038		   9113
6039		   9115
6046		   9117
6050		   9119
6052		   9121
6052		   9123
6053		   9125
6055		   9128
6057		   9130
6058		   9132
6064		   9134
6065		   9136
6066		   9138
6066		   9140
6066		   9142
6067		   9144
6070		   9146
6071		   9148
6071		   9150
6072		   9152
6072		   9154
6083		   9156
6083		   9158
6088		   9162
6092		   9167
6092		   9172
6095		   9176
6101		   9179
6101		   9182
6104		   9185
6104		   9188
6107		   9190
6109		   9192
6110		   9194
6118		   9196
6123		   9198
6124		   9201
6125		   9204
6127		   9207
6128		   9211
6128		   9215
6128		   9219
6129		   9223
6130		   9227
6130		   9231
6131		   9235
6131		   9239
6134		   9242
6135		   9245
6136		   9248
6138		   9251
6141		   9254
6141		   9257
6142		   9260
6143		   9264
6145		   9268
6146		   9271
6147		   9274
6149		   9277
6149		   9280
6151		   9283
6151		   9286
6156		   9288
6157		   9290
6158		   9292
6162		   9295
6168		   9297
6169		   9299
6169		   9301
6169		   9303
6170		   9305
6174		   9307
6174		   9309
6175		   9311
6178		   9315
6180		   9318
6180		   9321
6181		   9324
6181		   9327
6189		   9330
6196		   9335
6196		   9340
6197		   9345
6197		   9350
6202		   9354
6204		   9358
6210		   9361
6214		   9364
6215		   9367
6216		   9370
6217		   9373
6218		   9376
6220		   9379
6221		   9382
6224		   9385
6224		   9388
6225		   9391
6226		   9394
6227		   9396
6228		   9399
6228		   9402
6229		   9404
6229		   9406
6230		   9408
6234		   9410
6234		   9412
6234		   9414
6238		   9416
6239		   9418
6240		   9420
6240		   9422
6242		   9424
6242		   9426
6242		   9428
6243		   9430
6246		   9433
6249		   9435
6250		   9437
6251		   9439
6252		   9441
6252		   9443
6254		   9445
6255		   9447
6256		   9451
6257		   9455
6258		   9459
6259		   9463
6260		   9467
6263		   9470
6264		   9473
6264		   9476
6264		   9479
6267		   9483
6270		   9487
6271		   9491
6274		   9495
6276		   9499
6277		   9503
6284		   9506
6286		   9510
6289		   9513
6289		   9516
6290		   9519
6295		   9522
6296		   9525
6298		   9528
6299		   9531
6300		   9534
6305		   9537
6306		   9540
6307		   9543
6311		   9546
6312		   9549
6312		   9552
6317		   9555
6317		   9558
6319		   9561
6323		   9564
6327		   9567
6330		   9569
6332		   9571
6335		   9574
6336		   9576
6339		   9578
6340		   9581
6341		   9584
6342		   9588
6343		   9592
6347		   9596
6348		   9601
6350		   9606
6353		   9611
6354		   9615
6355		   9620
6356		   9625
6358		   9630
6358		   9635
6360		   9640
6364		   9644
6364		   9648
6366		   9652
6368		   9657
6368		   9662
6371		   9666
6375		   9670
6380		   9674
6381		   9678
6382		   9682
6382		   9686
6384		   9690
6386		   9693
6386		   9696
6387		   9699
6387		   9702
6387		   9705
6388		   9708
6388		   9711
6391		   9714
6392		   9717
6396		   9720
6404		   9723
6408		   9726
6409		   9729
6410		   9732
6411		   9735
6413		   9739
6414		   9742
6421		   9745
6422		   9748
6423		   9750
6424		   9752
6426		   9754
6426		   9756
6428		   9758
6429		   9760
6429		   9762
6429		   9764
6431		   9768
6432		   9772
6433		   9776
6439		   9779
6440		   9782
6440		   9785
6441		   9788
6442		   9791
6444		   9794
6445		   9798
6446		   9802
6446		   9806
6447		   9810
6448		   9814
6448		   9818
6449		   9821
6449		   9824
6450		   9827
6451		   9830
6454		   9833
6456		   9836
6457		   9839
6461		   9842
6463		   9845
6463		   9848
6465		   9850
6466		   9852
6466		   9854
6467		   9856
6468		   9858
6469		   9860
6471		   9862
6473		   9864
6476		   9866
6480		   9870
6484		   9873
6487		   9876
6487		   9879
6488		   9882
6489		   9885
6493		   9888
6496		   9890
6498		   9893
6499		   9896
6499		   9899
6503		   9902
6504		   9904
6505		   9906
6506		   9909
6506		   9912
6508		   9915
6508		   9918
6508		   9921
6509		   9924
6510		   9927
6513		   9929
6518		   9931
6522		   9933
6527		   9936
6528		   9939
6534		   9942
6537		   9945
6538		   9948
6541		   9952
6545		   9957
6546		   9962
6548		   9967
6549		   9971
6550		   9975
6554		   9980
6554		   9985
6555		   9990
6557		   9994
6560		   9998
6561		  10002
6567		  10005
6567		  10008
6569		  10011
6571		  10014
6572		  10017
6575		  10020
6576		  10024
6577		  10028
6579		  10032
6580		  10036
6584		  10040
6585		  10044
6585		  10048
6585		  10052
6586		  10055
6590		  10059
6590		  10063
6595		  10066
6596		  10069
6607		  10073
6614		  10077
6614		  10081
6615		  10085
6616		  10089
6617		  10093
6617		  10097
6618		  10101
6619		  10105
6620		  10108
6620		  10111
6621		  10115
6624		  10119
6626		  10123
6628		  10127
6628		  10131
6629		  10134
6630		  10137
6631		  10140
6632		  10143
6632		  10146
6634		  10149
6636		  10152
6636		  10155
6640		  10158
6644		  10161
6645		  10164
6647		  10167
6647		  10170
6647		  10173
6649		  10176
6649		  10179
6650		  10182
6652		  10185
6653		  10187
6656		  10189
6657		  10191
6660		  10194
6663		  10196
6664		  10198
6665		  10200
6667		  10202
6667		  10204
6675		  10206
6676		  10209
6677		  10212
6679		  10215
6681		  10218
6683		  10220
6687		  10224
6687		  10228
6687		  10232
6688		  10236
6692		  10239
6699		  10242
6700		  10245
6701		  10248
6701		  10251
6704		  10254
6704		  10257
6707		  10261
6709		  10265
6709		  10269
6711		  10272
6712		  10275
6718		  10278
6728		  10281
6733		  10283
6734		  10285
6737		  10287
6737		  10289
6742		  10292
6743		  10295
6746		  10298
6748		  10300
6748		  10302
6753		  10304
6753		  10306
6754		  10308
6757		  10310
6757		  10312
6758		  10314
6763		  10316
6763		  10318
6764		  10320
6766		  10322
6766		  10324
6766		  10326
6768		  10328
6768		  10330
6768		  10332
6770		  10334
6771		  10336
6773		  10338
6776		  10340
6780		  10342
6782		  10344
6784		  10347
6788		  10349
6790		  10351
6790		  10353
6794		  10355
6796		  10357
6797		  10359
6797		  10361
6799		  10363
6803		  10365
6803		  10367
6814		  10370
6819		  10374
6821		  10378
6825		  10382
6826		  10385
6827		  10388
6828		  10391
6829		  10394
6829		  10397
6829		  10400
6832		  10403
6833		  10406
6835		  10409
6837		  10412
6837		  10415
6838		  10418
6839		  10421
6842		  10424
6845		  10427
6847		  10430
6848		  10433
6850		  10436
6850		  10439
6853		  10442
6855		  10445
6856		  10448
6857		  10451
6865		  10454
6865		  10457
6868		  10460
6868		  10463
6868		  10466
6870		  10469
6872		  10472
6872		  10475
6873		  10478
6873		  10481
6876		  10484
6885		  10487
6892		  10490
6894		  10492
6894		  10494
6896		  10496
6896		  10498
6898		  10500
6898		  10502
6898		  10504
6901		  10506
6906		  10508
6908		  10511
6911		  10513
6912		  10515
6914		  10517
6914		  10519
6925		  10521
6927		  10523
6929		  10525
6931		  10527
6931		  10529
6938		  10533
6939		  10536
6942		  10539
6945		  10542
6946		  10545
6947		  10547
6948		  10549
6950		  10553
6951		  10557
6952		  10561
6956		  10565
6956		  10569
6958		  10573
6965		  10578
6966		  10583
6966		  10588
6969		  10593
6974		  10598
6975		  10603
6977		  10608
6977		  10613
6978		  10618
6980		  10622
6984		  10627
6984		  10632
6987		  10637
6989		  10642
6989		  10647
6989		  10652
6994		  10658
6997		  10665
6997		  10672
7001		  10679
7004		  10685
7005		  10691
7007		  10697
7009		  10703
7016		  10708
7016		  10713
7019		  10718
7022		  10723
7022		  10728
7023		  10733
7027		  10738
7032		  10742
7035		  10747
7036		  10752
7037		  10756
7038		  10760
7039		  10764
7040		  10768
7041		  10772
7042		  10776
7043		  10780
7046		  10784
7046		  10788
7051		  10792
7051		  10796
7051		  10800
7052		  10804
7055		  10808
7057		  10812
7057		  10816
7059		  10820
7060		  10823
7063		  10826
7069		  10830
7069		  10834
7070		  10838
7071		  10842
7074		  10846
7080		  10850
7086		  10853
7088		  10856
7089		  10859
7092		  10863
7094		  10867
7096		  10871
7096		  10875
7106		  10879
7107		  10882
7108		  10886
7111		  10889
7114		  10892
7119		  10897
7123		  10900
7124		  10903
7125		  10906
7126		  10909
7126		  10912
7127		  10915
7131		  10919
7134		  10923
7135		  10927
7137		  10930
7138		  10933
7140		  10936
7140		  10939
7140		  10942
7140		  10945
7141		  10948
7142		  10951
7142		  10954
7151		  10958
7155		  10962
7161		  10964
7161		  10966
7163		  10968
7166		  10970
7172		  10972
7177		  10974
7177		  10976
7180		  10978
7183		  10980
7183		  10982
7184		  10984
7184		  10986
7186		  10988
7191		  10992
7192		  10996
7193		  11000
7194		  11004
7195		  11008
7198		  11011
7200		  11015
7203		  11018
7205		  11022
7207		  11026
7208		  11030
7209		  11034
7215		  11037
7216		  11040
7218		  11044
7219		  11047
7223		  11050
7223		  11053
7224		  11056
7226		  11059
7227		  11062
7227		  11065
7231		  11067
7235		  11069
7236		  11071
7241		  11073
7241		  11075
7242		  11077
7243		  11079
7247		  11081
7247		  11083
7249		  11086
7249		  11089
7250		  11092
7257		  11096
7259		  11099
7265		  11102
7267		  11105
7271		  11108
7274		  11112
7276		  11116
7279		  11119
7280		  11122
7281		  11125
7283		  11127
7287		  11130
7289		  11132
7290		  11134
7293		  11136
7294		  11138
7300		  11140
7302		  11142
7303		  11144
7304		  11146
7307		  11148
7308		  11150
7308		  11152
7315		  11154
7315		  11156
7319		  11159
7320		  11162
7324		  11166
7329		  11169
7329		  11172
7329		  11175
7329		  11178
7330		  11181
7330		  11184
7332		  11187
7334		  11190
7339		  11192
7339		  11194
7340		  11197
7344		  11199
7344		  11201
7346		  11203
7350		  11207
7351		  11211
7354		  11214
7354		  11217
7357		  11220
7360		  11223
7361		  11226
7362		  11229
7363		  11233
7364		  11237
7366		  11241
7367		  11245
7367		  11249
7371		  11253
7374		  11256
7377		  11258
7377		  11260
7385		  11263
7394		  11265
7394		  11267
7395		  11269
7395		  11271
7396		  11273
7396		  11275
7397		  11277
7397		  11279
7402		  11281
7405		  11283
7408		  11285
7408		  11287
7409		  11292
7412		  11297
7413		  11302
7415		  11307
7418		  11311
7422		  11315
7422		  11319
7423		  11323
7428		  11327
7428		  11331
7433		  11334
7433		  11337
7436		  11340
7440		  11344
7441		  11348
7441		  11352
7442		  11356
7446		  11359
7450		  11363
7451		  11367
7453		  11371
7454		  11375
7455		  11379
7457		  11384
7458		  11388
7458		  11392
7458		  11396
7459		  11400
7460		  11404
7464		  11408
7466		  11412
7467		  11416
7470		  11419
7472		  11422
7478		  11426
7479		  11430
7480		  11434
7481		  11438
7483		  11442
7484		  11445
7486		  11449
7487		  11453
7491		  11457
7494		  11460
7495		  11463
7495		  11466
7497		  11469
7498		  11472
7500		  11475
7501		  11478
7502		  11481
7503		  11484
7507		  11488
7508		  11492
7509		  11496
7510		  11500
7515		  11504
7521		  11507
7522		  11510
7523		  11513
7526		  11517
7528		  11521
7529		  11525
7531		  11528
7532		  11531
7534		  11534
7536		  11537
7537		  11540
7538		  11543
7538		  11546
7540		  11549
7540		  11552
7540		  11555
7541		  11558
7542		  11561
7543		  11564
7546		  11567
7549		  11571
7553		  11575
7563		  11580
7565		  11584
7565		  11588
7565		  11592
7566		  11596
7567		  11601
7569		  11607
7570		  11612
7571		  11617
7572		  11622
7575		  11627
7578		  11631
7581		  11635
7581		  11639
7582		  11643
7582		  11647
7583		  11651
7583		  11655
7586		  11658
7589		  11662
7591		  11665
7596		  11668
7597		  11671
7597		  11674
7600		  11678
7601		  11682
7602		  11686
7603		  11690
7603		  11694
7603		  11698
7610		  11703
7616		  11707
7618		  11711
7620		  11715
7620		  11719
7622		  11723
7622		  11727
7629		  11731
7630		  11735
7630		  11739
7630		  11743
7633		  11747
7638		  11751
7639		  11755
7639		  11759
7640		  11763
7640		  11767
7645		  11770
7645		  11773
7651		  11778
7654		  11783
7654		  11788
7654		  11793
7655		  11798
7660		  11802
7660		  11806
7660		  11810
7661		  11814
7661		  11818
7662		  11822
7662		  11826
7665		  11830
7666		  11834
7667		  11839
7667		  11844
7668		  11849
7669		  11854
7669		  11859
7669		  11864
7672		  11868
7675		  11872
7675		  11876
7677		  11880
7677		  11884
7681		  11888
7681		  11892
7682		  11895
7683		  11899
7684		  11903
7685		  11906
7685		  11909
7687		  11913
7690		  11917
7690		  11921
7692		  11924
7694		  11927
7694		  11930
7694		  11933
7697		  11936
7698		  11939
7699		  11942
7699		  11945
7705		  11948
7706		  11951
7708		  11954
7710		  11957
7710		  11960
7715		  11963
7716		  11966
7716		  11969
7717		  11972
7718		  11975
7719		  11978
7721		  11981
7723		  11984
7724		  11987
7732		  11990
7732		  11993
7734		  11996
7736		  11999
7737		  12002
7744		  12004
7746		  12006
7750		  12009
7752		  12012
7752		  12015
7753		  12019
7755		  12022
7756		  12025
7757		  12029
7759		  12033
7760		  12037
7762		  12041
7764		  12046
7771		  12053
7773		  12060
7774		  12067
7775		  12074
7776		  12081
7779		  12086
7779		  12091
7783		  12096
7783		  12101
7792		  12105
7793		  12110
7795		  12115
7797		  12120
7797		  12125
7799		  12130
7803		  12134
7803		  12138
7805		  12142
7806		  12146
7808		  12150
7809		  12153
7811		  12156
7811		  12159
7813		  12162
7814		  12165
7817		  12168
7822		  12172
7824		  12176
7827		  12179
7828		  12183
7829		  12187
7832		  12191
7834		  12195
7835		  12199
7836		  12203
7841		  12206
7843		  12209
7845		  12212
7849		  12215
7850		  12218
7851		  12221
7853		  12224
7854		  12227
7854		  12230
7857		  12234
7863		  12237
7869		  12241
7869		  12245
7873		  12248
7875		  12251
7877		  12254
7878		  12257
7878		  12260
7882		  12263
7883		  12266
7884		  12269
7885		  12272
7886		  12275
7889		  12278
7891		  12281
7892		  12284
7893		  12286
7902		  12288
7902		  12290
7904		  12292
7911		  12294
7914		  12297
7916		  12300
7917		  12303
7918		  12305
7919		  12307
7927		  12309
7930		  12311
7934		  12315
7934		  12319
7935		  12323
7937		  12327
7944		  12330
7945		  12333
7946		  12336
7949		  12339
7950		  12342
7953		  12345
7958		  12349
7959		  12353
7964		  12356
7964		  12359
7967		  12362
7970		  12365
7971		  12368
7971		  12371
7973		  12374
7981		  12378
7983		  12381
7983		  12384
7984		  12387
7986		  12390
7988		  12394
7989		  12399
7990		  12404
7991		  12409
7994		  12413
7998		  12416
7998		  12419
8000		  12422
8003		  12425
8003		  12428
8004		  12432
8009		  12435
8010		  12438
8011		  12441
8012		  12444
8014		  12447
8017		  12451
8018		  12455
8019		  12459
8020		  12463
8023		  12467
8023		  12471
8023		  12475
8032		  12478
8046		  12481
8050		  12484
8051		  12486
8051		  12488
8053		  12490
8053		  12492
8055		  12494
8055		  12496
8060		  12499
8061		  12502
8064		  12505
8070		  12509
8074		  12512
8075		  12515
8075		  12518
8075		  12521
8078		  12524
8078		  12527
8082		  12530
8088		  12533
8089		  12536
8094		  12539
8095		  12542
8098		  12545
8106		  12548
8107		  12551
8107		  12554
8109		  12557
8111		  12560
8112		  12563
8116		  12566
8121		  12569
8121		  12572
8123		  12575
8127		  12578
8129		  12581
8129		  12584
8131		  12587
8131		  12590
8132		  12593
8138		  12596
8142		  12599
8144		  12602
8145		  12605
8146		  12608
8147		  12611
8149		  12614
8151		  12617
8153		  12620
8155		  12623
8155		  12626
8156		  12629
8156		  12632
8157		  12635
8158		  12638
8159		  12641
8159		  12644
8160		  12647
8164		  12650
8165		  12653
8167		  12657
8179		  12660
8182		  12662
8184		  12665
8185		  12667
8187		  12669
8190		  12671
8191		  12673
8194		  12675
8198		  12677
8202		  12679
8210		  12682
8211		  12685
8215		  12688
8216		  12690
8216		  12692
8223		  12694
8226		  12697
8228		  12701
8229		  12705
8230		  12709
8232		  12712
8232		  12715
8235		  12719
8236		  12723
8236		  12727
8236		  12731
8238		  12734
8241		  12737
8241		  12740
8242		  12743
8244		  12745
8245		  12747
8247		  12749
8250		  12751
8251		  12753
8253		  12755
8254		  12757
8254		  12759
8257		  12761
8258		  12763
8260		  12766
8260		  12769
8261		  12772
8263		  12775
8263		  12778
8263		  12781
8264		  12784
8264		  12787
8270		  12790
8275		  12792
8276		  12794
8279		  12797
8280		  12800
8282		  12803
8287		  12805
8289		  12808
8290		  12810
8291		  12812
8295		  12814
8296		  12816
8302		  12818
8305		  12820
8311		  12822
8313		  12824
8315		  12826
8316		  12828
8317		  12830
8319		  12832
8320		  12834
8323		  12837
8325		  12839
8326		  12841
8329		  12843
8337		  12845
8337		  12847
8338		  12850
8339		  12852
8341		  12854
8341		  12856
8341		  12858
8342		  12860
8346		  12862
8347		  12865
8347		  12868
8355		  12871
8364		  12873
8364		  12875
8365		  12878
8368		  12881
8370		  12884
8370		  12887
8371		  12890
8377		  12893
8380		  12896
8383		  12900
8386		  12903
8388		  12906
8390		  12909
8392		  12912
8394		  12915
8394		  12918
8397		  12921
8398		  12925
8399		  12929
8399		  12933
8399		  12937
8399		  12941
8401		  12945
8401		  12949
8403		  12952
8403		  12955
8408		  12957
8411		  12959
8414		  12962
8415		  12965
8416		  12967
8417		  12969
8417		  12971
8421		  12973
8422		  12975
8425		  12977
8425		  12979
8425		  12981
8427		  12983
8427		  12985
8428		  12988
8428		  12991
8430		  12994
8432		  12997
8433		  13000
8435		  13002
8437		  13004
8440		  13006
8444		  13009
8445		  13012
8446		  13015
8446		  13018
8447		  13021
8447		  13024
8447		  13027
8448		  13029
8449		  13031
8450		  13033
8466		  13035
8466		  13037
8468		  13039
8469		  13041
8472		  13043
8473		  13045
8473		  13047
8474		  13049
8474		  13051
8480		  13054
8480		  13057
8480		  13060
8481		  13063
8482		  13066
8484		  13069
8484		  13072
8486		  13075
8487		  13078
8488		  13081
8491		  13085
8498		  13088
8499		  13091
8499		  13094
8500		  13097
8501		  13100
8502		  13103
8505		  13106
8506		  13109
8507		  13112
8509		  13115
8514		  13118
8520		  13121
8520		  13124
8525		  13127
8530		  13130
8531		  13133
8534		  13137
8539		  13141
8540		  13145
8542		  13149
8543		  13153
8545		  13157
8548		  13161
8549		  13165
8557		  13168
8560		  13171
8564		  13175
8566		  13179
8569		  13182
8573		  13184
8582		  13187
8582		  13190
8585		  13193
8585		  13196
8585		  13199
8586		  13203
8589		  13206
8592		  13208
8594		  13211
8602		  13213
8605		  13215
8608		  13218
8609		  13220
8613		  13223
8616		  13226
8616		  13229
8617		  13232
8620		  13234
8623		  13236
8623		  13238
8624		  13240
8626		  13243
8627		  13247
8627		  13251
8627		  13255
8628		  13259
8628		  13263
8630		  13267
8632		  13271
8634		  13275
8635		  13278
8641		  13282
8644		  13286
8651		  13289
8652		  13292
8654		  13295
8654		  13298
8656		  13302
8656		  13306
8661		  13310
8664		  13313
8668		  13316
8671		  13319
8673		  13322
8673		  13325
8674		  13328
8675		  13331
8678		  13334
8680		  13337
8681		  13340
8681		  13343
8685		  13347
8689		  13349
8693		  13351
8693		  13353
8696		  13355
8697		  13357
8697		  13359
8698		  13361
8702		  13364
8704		  13367
8704		  13370
8705		  13373
8707		  13376
8709		  13378
8711		  13381
8714		  13383
8717		  13385
8718		  13387
8718		  13389
8721		  13391
8723		  13394
8724		  13397
8726		  13400
8726		  13403
8726		  13406
8732		  13408
8735		  13410
8736		  13413
8738		  13416
8743		  13418
8746		  13420
8751		  13422
8751		  13424
8752		  13426
8759		  13429
8762		  13432
8762		  13435
8764		  13438
8766		  13441
8766		  13444
8775		  13447
8777		  13451
8777		  13455
8780		  13457
8780		  13459
8780		  13461
8784		  13463
8784		  13465
8784		  13467
8785		  13469
8789		  13472
8790		  13475
8790		  13478
8791		  13481
8793		  13484
8799		  13487
8800		  13490
8802		  13493
8803		  13496
8810		  13498
8812		  13500
8814		  13502
8816		  13504
8817		  13506
8820		  13508
8823		  13510
8823		  13512
8824		  13514
8825		  13516
8825		  13518
8826		  13520
8826		  13522
8828		  13524
8830		  13527
8834		  13529
8835		  13531
8836		  13533
8837		  13535
8837		  13537
8837		  13539
8837		  13541
8846		  13543
8847		  13545
8849		  13547
8849		  13549
8850		  13551
8852		  13553
8856		  13555
8858		  13558
8859		  13560
8860		  13562
8860		  13564
8861		  13566
8861		  13568
8863		  13570
8863		  13572
8863		  13574
8864		  13576
8865		  13578
8865		  13580
8866		  13582
8871		  13584
8872		  13586
8874		  13588
8875		  13590
8877		  13592
8878		  13594
8879		  13596
8883		  13598
8893		  13601
8894		  13604
8897		  13608
8897		  13612
8898		  13616
8901		  13620
8902		  13625
8906		  13630
8908		  13634
8911		  13638
8916		  13641
8917		  13644
8920		  13647
8921		  13650
8922		  13653
8923		  13656
8924		  13659
8924		  13662
8925		  13665
8927		  13669
8929		  13672
8936		  13676
8940		  13680
8941		  13684
8942		  13688
8942		  13692
8943		  13696
8944		  13700
8952		  13703
8953		  13706
8954		  13709
8957		  13712
8960		  13715
8962		  13718
8966		  13721
8967		  13725
8967		  13729
8968		  13733
8970		  13736
8971		  13739
8972		  13742
8976		  13746
8977		  13749
8978		  13752
8979		  13754
8980		  13756
8980		  13758
8984		  13760
8986		  13762
8988		  13764
8989		  13767
8990		  13770
8993		  13774
8995		  13778
8995		  13782
8999		  13786
9003		  13790
9004		  13794
9010		  13797
9012		  13800
9012		  13803
9013		  13806
9015		  13809
9017		  13813
9019		  13816
9021		  13820
9022		  13824
9023		  13828
9027		  13832
9038		  13835
9041		  13838
9053		  13840
9058		  13842
9060		  13844
9062		  13846
9067		  13850
9072		  13853
9074		  13856
9078		  13859
9079		  13862
9080		  13865
9081		  13868
9083		  13871
9085		  13874
9088		  13877
9088		  13880
9090		  13883
9091		  13886
9091		  13889
9093		  13892
9094		  13895
9095		  13898
9095		  13901
9100		  13904
9109		  13907
9111		  13910
9112		  13914
9115		  13917
9117		  13920
9117		  13923
9118		  13926
9120		  13929
9124		  13932
9126		  13934
9128		  13936
9129		  13938
9129		  13940
9130		  13942
9131		  13944
9134		  13947
9136		  13949
9137		  13951
9141		  13954
9144		  13957
9145		  13960
9145		  13963
9147		  13966
9153		  13969
9153		  13972
9154		  13975
9154		  13978
9154		  13981
9156		  13984
9157		  13987
9157		  13990
9161		  13993
9164		  13996
9168		  13999
9168		  14002
9170		  14005
9174		  14007
9174		  14009
9185		  14011
9189		  14013
9189		  14015
9189		  14017
9192		  14019
9192		  14021
9195		  14023
9196		  14025
9196		  14027
9199		  14030
9202		  14033
9202		  14036
9204		  14039
9204		  14042
9205		  14045
9207		  14048
9210		  14051
9213		  14053
9216		  14054
9221		  14055
9222		  14056
9224		  14057
9226		  14058
9227		  14059
9232		  14061
9234		  14063
9240		  14064
9242		  14065
9245		  14066
9246		  14067
9253		  14068
9255		  14069
9257		  14070
9257		  14071
9259		  14072
9260		  14073
9260		  14074
9264		  14075
9265		  14076
9267		  14077
9269		  14078
9270		  14079
9277		  14080
9278		  14081
9279		  14084
9281		  14086
9282		  14088
9287		  14090
9291		  14092
9291		  14094
9292		  14096
9294		  14097
9294		  14098
9294		  14099
9295		  14100
9299		  14101
9300		  14103
9300		  14105
9300		  14107
9304		  14110
9304		  14113
9305		  14116
9307		  14119
9315		  14121
9316		  14123
9317		  14125
9319		  14127
9321		  14130
9325		  14132
9325		  14134
9325		  14136
9325		  14138
9326		  14140
9327		  14142
9330		  14144
9332		  14146
9334		  14148
9334		  14150
9337		  14152
9339		  14154
9339		  14156
9339		  14158
9341		  14160
9342		  14162
9343		  14164
9346		  14166
9347		  14168
9348		  14170
9348		  14172
9349		  14173
9353		  14174
9355		  14176
9356		  14178
9358		  14180
9358		  14182
9361		  14183
9361		  14184
9363		  14185
9364		  14186
9366		  14188
9369		  14190
9370		  14192
9370		  14194
9372		  14196
9373		  14198
9375		  14200
9379		  14202
9385		  14205
9388		  14208
9389		  14210
9389		  14212
9390		  14215
9391		  14218
9397		  14220
9398		  14222
9401		  14224
9401		  14226
9403		  14228
9403		  14230
9405		  14232
9409		  14233
9410		  14234
9416		  14237
9419		  14239
9421		  14241
9422		  14243
9423		  14245
9426		  14247
9428		  14249
9428		  14251
9429		  14253
9430		  14255
9432		  14257
9433		  14259
9433		  14261
9439		  14264
9439		  14267
9440		  14270
9443		  14274
9445		  14279
9445		  14284
9447		  14288
9448		  14292
9451		  14295
9451		  14298
9451		  14301
9453		  14304
9455		  14307
9458		  14310
9460		  14312
9462		  14314
9464		  14316
9465		  14318
9465		  14320
9467		  14322
9468		  14324
9469		  14327
9474		  14329
9476		  14331
9476		  14333
9481		  14335
9484		  14337
9484		  14339
9484		  14341
9490		  14343
9492		  14345
9492		  14347
9494		  14349
9497		  14352
9499		  14354
9501		  14356
9503		  14359
9507		  14362
9515		  14365
9516		  14368
9517		  14371
9518		  14373
9518		  14375
9519		  14377
9519		  14379
9524		  14381
9528		  14383
9530		  14386
9531		  14389
9531		  14392
9532		  14395
9533		  14398
9535		  14401
9538		  14404
9539		  14407
9540		  14410
9540		  14413
9542		  14416
9545		  14419
9551		  14421
9552		  14423
9554		  14425
9556		  14427
9559		  14430
9559		  14433
9559		  14436
9560		  14439
9560		  14442
9561		  14445
9562		  14448
9563		  14451
9563		  14454
9566		  14457
9569		  14459
9571		  14461
9574		  14463
9576		  14465
9586		  14467
9587		  14469
9589		  14470
9591		  14471
9591		  14472
9593		  14474
9598		  14476
9600		  14477
9602		  14478
9609		  14479
9611		  14480
9613		  14481
9613		  14482
9615		  14484
9617		  14486
9619		  14488
9619		  14490
9626		  14492
9631		  14494
9633		  14497
9634		  14500
9634		  14503
9638		  14506
9639		  14508
9639		  14510
9639		  14512
9640		  14514
9643		  14516
9644		  14518
9649		  14519
9651		  14520
9659		  14521
9663		  14522
9664		  14523
9672		  14524
9673		  14525
9675		  14526
9676		  14528
9677		  14530
9679		  14531
9680		  14532
9683		  14534
9690		  14537
9693		  14540
9701		  14542
9703		  14544
9706		  14546
9709		  14549
9710		  14552
9710		  14555
9716		  14558
9718		  14561
9719		  14563
9722		  14565
9729		  14566
9730		  14567
9730		  14568
9735		  14569
9741		  14570
9747		  14571
9752		  14572
9755		  14573
9755		  14574
9759		  14576
9759		  14578
9762		  14580
9762		  14582
9764		  14584
9765		  14586
9772		  14588
9773		  14590
9776		  14592
9776		  14594
9777		  14596
9780		  14597
9781		  14598
9789		  14599
9790		  14600
9791		  14601
9793		  14602
9802		  14604
9802		  14606
9807		  14609
9807		  14612
9809		  14614
9810		  14616
9812		  14619
9815		  14622
9818		  14624
9818		  14626
9819		  14628
9826		  14630
9829		  14631
9831		  14632
9832		  14633
9833		  14634
9833		  14635
9835		  14636
9838		  14637
9844		  14638
9846		  14639
9847		  14641
9848		  14644
9848		  14647
9849		  14649
9851		  14651
9851		  14653
9853		  14655
9859		  14657
9868		  14660
9873		  14662
9875		  14664
9875		  14666
9876		  14668
9877		  14670
9877		  14672
9878		  14674
9879		  14675
9883		  14676
9884		  14677
9884		  14678
9885		  14679
9888		  14680
9888		  14681
9889		  14682
9895		  14683
9895		  14684
9899		  14686
9901		  14688
9906		  14689
9912		  14691
9913		  14693
9915		  14695
9920		  14697
9923		  14699
9923		  14701
9927		  14703
9927		  14705
9928		  14707
9937		  14712
9938		  14717
9939		  14721
9939		  14725
9942		  14729
9943		  14733
9944		  14737
9944		  14741
9946		  14744
9948		  14747
9949		  14750
9950		  14752
9954		  14754
9955		  14756
9957		  14759
9958		  14763
9958		  14767
9960		  14770
9962		  14773
9963		  14776
9966		  14779
9967		  14782
9969		  14785
9970		  14788
9972		  14791
9972		  14794
9972		  14797
9976		  14800
9979		  14802
9982		  14804
9986		  14806
9986		  14808
9992		  14809
