   1		      2
   1		      4
   3		      6
   5		      8
  10		     11
  12		     14
  12		     17
  14		     21
  17		     25
  18		     29
  19		     33
  19		     37
  29		     44
  30		     51
  30		     58
  34		     66
  37		     74
  37		     82
  38		     90
  38		     98
  38		    106
  39		    114
  42		    122
  44		    130
  48		    138
  49		    146
  50		    156
  52		    166
  53		    176
  53		    186
  56		    196
  57		    206
  58		    216
  60		    227
  62		    238
  63		    249
  66		    260
  67		    271
  69		    282
  70		    293
  72		    305
  73		    318
  74		    331
  75		    344
  76		    357
  77		    370
  77		    383
  78		    396
  81		    409
  83		    423
  84		    437
  85		    452
  86		    467
  87		    482
  90		    497
  93		    513
  94		    529
  94		    545
  94		    561
  96		    577
  96		    593
 107		    611
 108		    629
 109		    647
 110		    665
 113		    683
 114		    701
 114		    719
 115		    737
 116		    755
 116		    773
 116		    791
 117		    809
 118		    827
 118		    845
 120		    863
 122		    881
 123		    899
 124		    917
 124		    935
 127		    955
 127		    975
 128		    996
 129		   1017
 131		   1038
 131		   1059
 136		   1080
 139		   1101
 140		   1122
 142		   1143
 149		   1164
 150		   1185
 150		   1206
 151		   1227
 152		   1248
 158		   1270
 159		   1292
 160		   1314
 161		   1336
 164		   1359
 168		   1382
 168		   1405
 168		   1428
 168		   1451
 172		   1474
 172		   1497
 176		   1520
 177		   1543
 177		   1566
 178		   1589
 181		   1613
 182		   1638
 183		   1663
 186		   1688
 186		   1713
 186		   1738
 187		   1763
 192		   1788
 192		   1813
 194		   1838
 196		   1863
 202		   1889
 207		   1915
 210		   1941
 212		   1967
 212		   1993
 215		   2019
 216		   2045
 224		   2071
 231		   2098
 237		   2126
 239		   2155
 242		   2184
 244		   2213
 250		   2242
 250		   2271
 254		   2302
 254		   2333
 255		   2364
 256		   2395
 257		   2426
 258		   2457
 259		   2488
 259		   2519
 260		   2550
 260		   2581
 261		   2612
 262		   2643
 263		   2675
 268		   2707
 270		   2740
 272		   2774
 272		   2808
 272		   2842
 276		   2876
 279		   2910
 279		   2944
 282		   2979
 285		   3014
 286		   3049
 287		   3084
 290		   3120
 290		   3156
 292		   3192
 296		   3229
 296		   3266
 296		   3303
 297		   3340
 300		   3378
 303		   3416
 304		   3454
 304		   3492
 304		   3530
 305		   3568
 306		   3606
 310		   3645
 310		   3684
 310		   3723
 313		   3762
 319		   3801
 322		   3840
 323		   3879
 323		   3918
 323		   3957
 326		   3996
 330		   4035
 334		   4074
 335		   4113
 336		   4152
 339		   4193
 347		   4235
 349		   4278
 350		   4321
 352		   4364
 352		   4407
 352		   4450
 353		   4493
 353		   4536
 353		   4579
 356		   4622
 360		   4667
 361		   4713
 370		   4761
 371		   4809
 374		   4857
 376		   4905
 380		   4955
 381		   5005
 385		   5055
 386		   5105
 387		   5155
 391		   5205
 392		   5255
 392		   5305
 396		   5355
 396		   5405
 399		   5455
 399		   5505
 401		   5555
 403		   5605
 404		   5655
 411		   5705
 417		   5756
 418		   5808
 424		   5860
 430		   5913
 431		   5966
 435		   6019
 435		   6072
 435		   6125
 436		   6178
 437		   6231
 440		   6284
 440		   6337
 448		   6391
 450		   6445
 456		   6499
 457		   6553
 460		   6607
 461		   6662
 462		   6717
 468		   6772
 469		   6827
 470		   6882
 471		   6937
 474		   6992
 487		   7049
 488		   7106
 491		   7163
 492		   7220
 494		   7279
 495		   7338
 496		   7397
 498		   7456
 504		   7516
 510		   7577
 512		   7638
 512		   7699
 512		   7760
 512		   7821
 513		   7882
 514		   7943
 516		   8004
 519		   8065
 523		   8126
 524		   8187
 525		   8249
 526		   8311
 528		   8373
 528		   8435
 529		   8498
 530		   8561
 530		   8624
 532		   8687
 533		   8750
 538		   8814
 539		   8878
 540		   8942
 541		   9007
 546		   9074
 549		   9141
 550		   9208
 553		   9276
 555		   9344
 558		   9412
 559		   9480
 563		   9548
 563		   9616
 567		   9685
 569		   9754
 569		   9823
 570		   9893
 573		   9964
 574		  10036
 579		  10108
 579		  10180
 584		  10252
 585		  10324
 587		  10396
 588		  10468
 589		  10540
 591		  10612
 591		  10684
 592		  10756
 593		  10828
 595		  10900
 596		  10973
 596		  11046
 599		  11120
 602		  11194
 604		  11268
 607		  11343
 610		  11418
 613		  11493
 613		  11568
 614		  11644
 615		  11720
 619		  11796
 620		  11872
 620		  11948
 626		  12024
 627		  12100
 629		  12176
 631		  12252
 631		  12328
 634		  12404
 635		  12480
 636		  12556
 637		  12632
 639		  12708
 641		  12785
 642		  12862
 642		  12939
 643		  13016
 644		  13093
 646		  13170
 647		  13247
 655		  13324
 658		  13402
 658		  13480
 659		  13558
 661		  13636
 666		  13714
 669		  13792
 681		  13871
 685		  13951
 686		  14031
 688		  14111
 691		  14193
 696		  14275
 696		  14357
 699		  14439
 701		  14522
 702		  14605
 703		  14688
 707		  14771
 707		  14854
 707		  14937
 709		  15020
 710		  15104
 711		  15188
 715		  15273
 717		  15358
 720		  15443
 721		  15528
 723		  15613
 727		  15699
 731		  15785
 732		  15871
 734		  15957
 734		  16043
 736		  16129
 737		  16215
 737		  16301
 740		  16387
 744		  16474
 751		  16561
 752		  16648
 754		  16735
 757		  16823
 757		  16911
 758		  16999
 758		  17087
 760		  17175
 760		  17263
 762		  17351
 762		  17439
 763		  17527
 763		  17615
 768		  17703
 768		  17791
 769		  17879
 769		  17967
 772		  18055
 773		  18143
 775		  18232
 775		  18321
 777		  18410
 780		  18499
 782		  18588
 788		  18678
 789		  18768
 791		  18858
 791		  18948
 797		  19039
 799		  19130
 799		  19221
 799		  19312
 800		  19403
 800		  19494
 801		  19585
 801		  19676
 804		  19767
 805		  19858
 806		  19949
 816		  20040
 816		  20131
 818		  20222
 820		  20313
 821		  20404
 821		  20495
 824		  20586
 827		  20677
 830		  20768
 835		  20859
 838		  20950
 840		  21041
 843		  21132
 845		  21223
 845		  21314
 847		  21406
 848		  21498
 848		  21590
 853		  21682
 857		  21775
 859		  21869
 865		  21963
 867		  22058
 867		  22153
 867		  22248
 868		  22343
 868		  22438
 869		  22534
 870		  22630
 871		  22726
 872		  22822
 872		  22918
 875		  23015
 876		  23112
 878		  23209
 878		  23306
 879		  23403
 880		  23500
 881		  23597
 882		  23694
 884		  23791
 886		  23888
 886		  23985
 887		  24083
 893		  24182
 896		  24281
 897		  24380
 902		  24479
 908		  24579
 908		  24679
 911		  24780
 911		  24881
 918		  24982
 921		  25083
 926		  25186
 930		  25290
 930		  25394
 936		  25499
 938		  25604
 938		  25709
 939		  25814
 941		  25919
 943		  26024
 946		  26129
 946		  26234
 947		  26339
 947		  26444
 947		  26549
 952		  26654
 952		  26759
 957		  26865
 957		  26971
 958		  27077
 958		  27183
 959		  27289
 959		  27395
 959		  27501
 959		  27607
 959		  27713
 959		  27819
 960		  27925
 960		  28031
 964		  28137
 975		  28246
 975		  28355
 977		  28464
 980		  28573
 982		  28682
 982		  28791
 983		  28900
 983		  29009
 985		  29118
 987		  29227
 992		  29337
 994		  29447
1000		  29558
1002		  29669
1002		  29780
1002		  29891
1004		  30002
1005		  30113
1006		  30224
1008		  30335
1008		  30446
1009		  30557
1009		  30668
1009		  30779
1014		  30891
1018		  31004
1018		  31117
1019		  31230
1021		  31343
1021		  31456
1026		  31569
1027		  31682
1027		  31795
1028		  31908
1028		  32021
1032		  32134
1035		  32247
1042		  32362
1043		  32477
1048		  32593
1053		  32710
1053		  32827
1054		  32944
1055		  33061
1055		  33178
1055		  33295
1058		  33412
1062		  33529
1063		  33646
1068		  33764
1070		  33882
1075		  34000
1079		  34118
1083		  34237
1086		  34356
1087		  34475
1087		  34594
1089		  34714
1089		  34834
1090		  34954
1091		  35074
1092		  35194
1094		  35314
1101		  35436
1103		  35558
1104		  35680
1109		  35802
1110		  35924
1114		  36046
1117		  36168
1120		  36290
1123		  36413
1123		  36536
1125		  36659
1125		  36782
1127		  36905
1132		  37030
1134		  37155
1135		  37280
1136		  37405
1138		  37532
1138		  37659
1142		  37786
1142		  37913
1146		  38040
1147		  38167
1148		  38294
1148		  38421
1149		  38548
1149		  38675
1149		  38802
1153		  38930
1154		  39058
1157		  39187
1160		  39316
1161		  39445
1161		  39574
1166		  39703
1167		  39832
1171		  39961
1172		  40091
1173		  40221
1174		  40351
1179		  40481
1183		  40611
1185		  40741
1186		  40871
1186		  41001
1187		  41131
1187		  41261
1187		  41391
1190		  41521
1191		  41651
1192		  41781
1197		  41911
1198		  42041
1198		  42171
1201		  42301
1203		  42431
1204		  42561
1206		  42691
1209		  42821
1211		  42951
1216		  43081
1216		  43211
1220		  43341
1221		  43471
1224		  43602
1225		  43733
1225		  43864
1234		  43997
1235		  44130
1236		  44263
1238		  44397
1238		  44531
1238		  44665
1243		  44799
1245		  44934
1246		  45069
1246		  45204
1249		  45339
1254		  45474
1254		  45609
1257		  45745
1260		  45881
1264		  46017
1270		  46154
1272		  46291
1275		  46428
1280		  46565
1281		  46702
1284		  46840
1287		  46978
1288		  47116
1295		  47254
1302		  47393
1304		  47532
1304		  47671
1305		  47810
1305		  47949
1306		  48089
1308		  48229
1310		  48371
1313		  48514
1318		  48658
1320		  48802
1320		  48946
1322		  49090
1323		  49234
1324		  49378
1326		  49522
1327		  49667
1334		  49812
1335		  49957
1337		  50102
1343		  50249
1349		  50396
1351		  50543
1352		  50690
1353		  50837
1354		  50984
1354		  51131
1361		  51279
1361		  51427
1365		  51575
1366		  51723
1367		  51871
1376		  52019
1378		  52167
1379		  52315
1381		  52463
1382		  52611
1385		  52759
1386		  52907
1391		  53056
1392		  53205
1394		  53355
1400		  53506
1402		  53657
1409		  53808
1410		  53959
1412		  54110
1413		  54261
1414		  54412
1414		  54563
1417		  54714
1418		  54865
1420		  55016
1423		  55168
1424		  55320
1425		  55472
1429		  55624
1433		  55777
1440		  55931
1442		  56085
1443		  56239
1448		  56393
1448		  56547
1449		  56701
1449		  56855
1451		  57009
1455		  57163
1456		  57317
1459		  57471
1463		  57625
1466		  57779
1467		  57933
1468		  58087
1472		  58241
1475		  58396
1475		  58551
1477		  58707
1478		  58863
1481		  59019
1484		  59175
1485		  59331
1485		  59487
1486		  59643
1486		  59799
1489		  59956
1489		  60113
1492		  60271
1493		  60429
1496		  60588
1497		  60747
1498		  60906
1499		  61065
1502		  61225
1503		  61385
1504		  61545
1511		  61705
1514		  61865
1514		  62025
1515		  62185
1519		  62345
1520		  62505
1520		  62665
1522		  62826
1527		  62987
1528		  63148
1529		  63310
1530		  63472
1530		  63634
1533		  63797
1533		  63960
1534		  64123
1535		  64286
1541		  64450
1544		  64614
1546		  64778
1548		  64942
1549		  65106
1551		  65270
1554		  65434
1554		  65598
1555		  65762
1556		  65926
1558		  66090
1559		  66254
1563		  66419
1564		  66584
1564		  66749
1565		  66914
1567		  67079
1568		  67244
1568		  67409
1568		  67574
1571		  67739
1577		  67905
1583		  68071
1584		  68237
1586		  68403
1589		  68569
1590		  68735
1591		  68901
1598		  69067
1598		  69233
1601		  69399
1604		  69565
1604		  69731
1605		  69897
1608		  70063
1610		  70229
1614		  70395
1614		  70561
1616		  70727
1616		  70893
1625		  71059
1626		  71225
1631		  71392
1631		  71559
1632		  71726
1633		  71893
1638		  72060
1638		  72227
1641		  72394
1642		  72561
1643		  72728
1647		  72895
1648		  73062
1652		  73230
1653		  73398
1653		  73566
1655		  73734
1659		  73902
1660		  74071
1662		  74240
1664		  74409
1665		  74578
1666		  74747
1676		  74916
1679		  75085
1682		  75254
1688		  75424
1689		  75594
1690		  75764
1690		  75934
1694		  76105
1694		  76276
1698		  76447
1700		  76618
1704		  76790
1707		  76963
1708		  77136
1710		  77309
1712		  77482
1721		  77655
1726		  77829
1726		  78003
1727		  78177
1728		  78351
1729		  78525
1735		  78700
1735		  78875
1736		  79050
1738		  79225
1741		  79400
1742		  79575
1742		  79750
1742		  79925
1743		  80100
1743		  80275
1743		  80450
1744		  80625
1745		  80800
1745		  80975
1745		  81150
1746		  81325
1746		  81500
1749		  81676
1749		  81852
1751		  82028
1751		  82204
1752		  82380
1752		  82556
1754		  82732
1756		  82908
1759		  83084
1759		  83260
1759		  83436
1761		  83612
1761		  83788
1763		  83964
1763		  84140
1764		  84316
1765		  84492
1768		  84668
1770		  84844
1773		  85020
1774		  85196
1776		  85372
1777		  85550
1784		  85729
1786		  85908
1789		  86087
1790		  86266
1792		  86445
1794		  86624
1794		  86803
1794		  86982
1796		  87161
1797		  87341
1801		  87521
1804		  87702
1806		  87884
1809		  88066
1811		  88248
1813		  88430
1816		  88612
1820		  88794
1825		  88976
1825		  89158
1832		  89340
1834		  89522
1840		  89705
1842		  89888
1847		  90071
1850		  90254
1851		  90437
1852		  90620
1856		  90803
1859		  90986
1861		  91170
1862		  91354
1867		  91538
1868		  91722
1873		  91906
1876		  92091
1876		  92276
1877		  92461
1877		  92646
1878		  92831
1878		  93016
1879		  93201
1882		  93386
1884		  93571
1884		  93756
1884		  93941
1886		  94126
1892		  94313
1894		  94501
1894		  94689
1899		  94878
1900		  95068
1902		  95258
1905		  95448
1909		  95638
1914		  95828
1917		  96018
1921		  96208
1924		  96398
1924		  96588
1924		  96778
1925		  96968
1925		  97158
1926		  97348
1927		  97538
1929		  97728
1929		  97918
1931		  98108
1932		  98298
1933		  98488
1937		  98679
1940		  98870
1940		  99061
1941		  99252
1941		  99443
1942		  99634
1948		  99826
1953		 100018
1955		 100210
1956		 100402
1956		 100594
1956		 100786
1957		 100978
1958		 101170
1964		 101364
1968		 101558
1973		 101753
1975		 101948
1975		 102143
1976		 102338
1977		 102533
1979		 102728
1981		 102923
1982		 103118
1983		 103313
1983		 103508
1986		 103703
1986		 103898
1988		 104093
1989		 104288
1990		 104483
1990		 104678
1991		 104873
1991		 105068
1992		 105263
1995		 105459
1996		 105655
1996		 105851
1996		 106047
2000		 106243
2000		 106439
2001		 106635
2008		 106832
2011		 107030
2013		 107228
2014		 107426
2024		 107625
2025		 107824
2029		 108023
2032		 108223
2034		 108423
2035		 108623
2037		 108824
2037		 109025
2038		 109226
2039		 109427
2040		 109628
2042		 109830
2042		 110032
2043		 110234
2043		 110436
2050		 110638
2050		 110840
2053		 111042
2055		 111244
2056		 111446
2056		 111648
2058		 111850
2060		 112052
2061		 112254
2061		 112456
2063		 112659
2069		 112862
2069		 113065
2069		 113268
2071		 113471
2072		 113675
2073		 113879
2074		 114083
2074		 114287
2082		 114491
2086		 114695
2091		 114900
2092		 115105
2095		 115310
2100		 115515
2101		 115720
2101		 115925
2103		 116130
2104		 116335
2104		 116540
2109		 116745
2110		 116950
2110		 117155
2111		 117360
2111		 117565
2118		 117770
2120		 117975
2124		 118181
2132		 118387
2140		 118595
2141		 118803
2141		 119011
2147		 119219
2151		 119427
2152		 119635
2154		 119843
2155		 120051
2157		 120259
2158		 120467
2159		 120675
2160		 120883
2161		 121091
2164		 121299
2166		 121507
2167		 121715
2172		 121923
2173		 122132
2173		 122341
2176		 122550
2181		 122759
2186		 122969
2187		 123179
2189		 123389
2190		 123599
2190		 123809
2192		 124019
2196		 124230
2196		 124441
2197		 124652
2199		 124864
2200		 125076
2202		 125288
2203		 125500
2203		 125712
2206		 125924
2206		 126136
2210		 126348
2210		 126560
2211		 126772
2212		 126984
2215		 127196
2218		 127409
2225		 127622
2227		 127835
2234		 128051
2234		 128267
2244		 128483
2247		 128700
2251		 128917
2251		 129134
2254		 129351
2255		 129569
2256		 129787
2260		 130005
2267		 130225
2269		 130445
2269		 130665
2271		 130885
2271		 131105
2272		 131325
2273		 131545
2275		 131766
2277		 131987
2280		 132208
2280		 132429
2283		 132650
2286		 132871
2288		 133092
2289		 133313
2290		 133534
2292		 133756
2292		 133978
2293		 134201
2293		 134424
2296		 134647
2296		 134870
2297		 135093
2298		 135317
2298		 135541
2299		 135766
2300		 135991
2300		 136216
2302		 136441
2303		 136666
2305		 136891
2307		 137117
2308		 137343
2310		 137569
2313		 137795
2315		 138021
2320		 138247
2322		 138473
2324		 138699
2326		 138926
2326		 139153
2327		 139380
2327		 139607
2327		 139834
2328		 140061
2328		 140288
2331		 140515
2331		 140742
2334		 140969
2334		 141196
2335		 141423
2337		 141651
2337		 141879
2339		 142108
2345		 142337
2346		 142566
2346		 142795
2347		 143024
2348		 143253
2349		 143482
2351		 143713
2353		 143944
2362		 144176
2366		 144409
2368		 144642
2373		 144875
2376		 145108
2376		 145341
2376		 145574
2377		 145807
2381		 146042
2381		 146277
2382		 146512
2383		 146747
2386		 146982
2386		 147217
2393		 147452
2394		 147688
2394		 147924
2394		 148160
2400		 148397
2402		 148634
2404		 148871
2407		 149109
2408		 149347
2409		 149585
2414		 149823
2417		 150061
2417		 150299
2418		 150537
2420		 150775
2424		 151014
2426		 151253
2427		 151492
2428		 151731
2428		 151970
2429		 152209
2431		 152448
2431		 152687
2432		 152926
2437		 153166
2438		 153406
2438		 153646
2439		 153886
2439		 154126
2440		 154366
2441		 154606
2443		 154846
2450		 155086
2451		 155326
2458		 155566
2459		 155806
2461		 156047
2463		 156288
2464		 156529
2467		 156770
2467		 157011
2470		 157252
2470		 157493
2472		 157734
2473		 157975
2475		 158216
2475		 158457
2478		 158698
2481		 158939
2483		 159180
2483		 159421
2484		 159662
2485		 159903
2486		 160144
2490		 160385
2491		 160626
2493		 160867
2493		 161108
2493		 161349
2493		 161590
2494		 161831
2496		 162072
2496		 162313
2496		 162554
2496		 162795
2497		 163036
2498		 163278
2499		 163520
2500		 163762
2501		 164004
2505		 164247
2507		 164491
2508		 164735
2512		 164979
2512		 165223
2515		 165467
2515		 165711
2523		 165955
2525		 166199
2530		 166444
2531		 166689
2533		 166935
2538		 167182
2538		 167429
2540		 167676
2541		 167923
2547		 168170
2551		 168417
2553		 168665
2553		 168913
2557		 169162
2557		 169411
2557		 169660
2559		 169909
2560		 170158
2563		 170407
2563		 170656
2564		 170905
2566		 171154
2568		 171404
2570		 171654
2580		 171905
2582		 172156
2582		 172407
2584		 172658
2585		 172909
2586		 173160
2587		 173411
2587		 173662
2589		 173914
2589		 174166
2590		 174418
2591		 174671
2592		 174924
2594		 175177
2596		 175430
2601		 175684
2603		 175938
2604		 176192
2606		 176447
2606		 176702
2612		 176957
2613		 177212
2617		 177467
2619		 177723
2619		 177979
2620		 178235
2621		 178491
2623		 178748
2626		 179005
2631		 179262
2633		 179519
2634		 179776
2638		 180033
2639		 180290
2639		 180547
2643		 180805
2644		 181063
2646		 181321
2649		 181580
2649		 181839
2650		 182098
2650		 182357
2652		 182617
2654		 182877
2657		 183137
2659		 183397
2660		 183657
2661		 183917
2663		 184178
2667		 184439
2669		 184700
2669		 184961
2671		 185222
2671		 185483
2672		 185744
2676		 186005
2679		 186266
2686		 186528
2690		 186790
2692		 187052
2695		 187314
2697		 187576
2699		 187839
2700		 188102
2700		 188365
2701		 188628
2704		 188891
2709		 189154
2709		 189417
2710		 189680
2711		 189943
2715		 190206
2718		 190470
2719		 190734
2720		 190998
2720		 191262
2722		 191526
2723		 191790
2724		 192054
2726		 192318
2728		 192583
2733		 192848
2734		 193113
2738		 193379
2741		 193645
2742		 193911
2743		 194177
2751		 194444
2752		 194711
2754		 194978
2760		 195248
2760		 195518
2761		 195788
2763		 196058
2763		 196328
2765		 196598
2766		 196868
2770		 197138
2772		 197408
2774		 197678
2775		 197948
2777		 198218
2777		 198488
2780		 198759
2780		 199030
2781		 199301
2784		 199572
2784		 199843
2786		 200114
2788		 200385
2789		 200656
2789		 200927
2790		 201198
2795		 201469
2798		 201740
2799		 202011
2799		 202282
2800		 202553
2802		 202824
2803		 203095
2806		 203367
2811		 203640
2812		 203913
2815		 204187
2816		 204461
2819		 204735
2819		 205009
2830		 205284
2831		 205559
2833		 205834
2833		 206109
2835		 206384
2835		 206659
2836		 206934
2843		 207210
2843		 207486
2844		 207762
2847		 208039
2850		 208316
2851		 208593
2853		 208870
2853		 209147
2854		 209424
2856		 209701
2857		 209978
2857		 210255
2860		 210532
2861		 210809
2866		 211087
2869		 211365
2873		 211644
2876		 211923
2878		 212202
2878		 212481
2880		 212760
2886		 213039
2888		 213318
2892		 213598
2893		 213878
2894		 214158
2900		 214438
2902		 214719
2902		 215000
2904		 215282
2905		 215565
2906		 215848
2908		 216131
2908		 216414
2909		 216697
2912		 216980
2915		 217263
2916		 217546
2916		 217829
2918		 218112
2918		 218395
2921		 218679
2924		 218964
2927		 219251
2929		 219538
2930		 219825
2932		 220112
2932		 220399
2933		 220686
2933		 220973
2934		 221260
2936		 221547
2939		 221834
2940		 222121
2941		 222408
2942		 222695
2943		 222982
2944		 223269
2944		 223556
2945		 223843
2949		 224130
2949		 224417
2951		 224705
2956		 224996
2957		 225287
2957		 225578
2958		 225869
2958		 226160
2958		 226451
2959		 226742
2964		 227034
2965		 227326
2972		 227618
2972		 227910
2973		 228202
2974		 228494
2975		 228786
2975		 229078
2976		 229370
2977		 229662
2978		 229954
2980		 230246
2981		 230538
2983		 230830
2983		 231122
2986		 231414
2992		 231706
2992		 231998
2993		 232290
2995		 232582
2996		 232874
2999		 233167
2999		 233460
3002		 233753
3002		 234046
3003		 234340
3007		 234634
3007		 234928
3008		 235222
3010		 235516
3015		 235810
3016		 236104
3017		 236398
3018		 236692
3021		 236986
3022		 237280
3022		 237574
3023		 237868
3023		 238162
3023		 238456
3024		 238750
3026		 239044
3031		 239338
3032		 239632
3036		 239927
3036		 240222
3037		 240517
3037		 240812
3038		 241107
3042		 241402
3043		 241697
3043		 241992
3044		 242287
3046		 242582
3046		 242877
3049		 243172
3050		 243467
3053		 243762
3054		 244057
3058		 244352
3059		 244648
3062		 244945
3063		 245242
3064		 245539
3069		 245836
3069		 246133
3069		 246430
3072		 246728
3073		 247026
3078		 247327
3078		 247628
3078		 247929
3079		 248230
3080		 248531
3080		 248832
3081		 249133
3081		 249434
3083		 249735
3088		 250036
3088		 250337
3090		 250638
3091		 250939
3094		 251241
3098		 251543
3101		 251845
3102		 252147
3102		 252449
3107		 252751
3111		 253054
3118		 253357
3124		 253660
3124		 253963
3127		 254266
3130		 254569
3133		 254872
3134		 255175
3137		 255479
3141		 255783
3143		 256087
3146		 256392
3147		 256697
3149		 257002
3150		 257308
3150		 257614
3151		 257920
3156		 258226
3157		 258532
3157		 258838
3159		 259144
3162		 259450
3163		 259756
3163		 260062
3165		 260368
3165		 260674
3165		 260980
3169		 261287
3171		 261594
3171		 261901
3172		 262208
3172		 262515
3172		 262822
3174		 263130
3179		 263439
3179		 263748
3181		 264057
3182		 264367
3183		 264677
3185		 264987
3185		 265297
3187		 265607
3188		 265917
3190		 266227
3190		 266537
3193		 266848
3193		 267159
3193		 267470
3195		 267781
3198		 268093
3198		 268405
3198		 268717
3200		 269029
3201		 269341
3202		 269653
3202		 269965
3202		 270277
3203		 270590
3205		 270903
3213		 271217
3215		 271531
3219		 271845
3220		 272159
3221		 272473
3225		 272787
3228		 273101
3236		 273415
3241		 273729
3244		 274043
3245		 274357
3253		 274671
3255		 274985
3256		 275299
3257		 275613
3259		 275928
3268		 276243
3271		 276558
3271		 276873
3280		 277189
3281		 277505
3281		 277821
3286		 278137
3287		 278453
3287		 278769
3288		 279085
3290		 279401
3292		 279718
3293		 280035
3294		 280352
3295		 280669
3295		 280986
3296		 281303
3297		 281620
3301		 281937
3302		 282254
3303		 282571
3303		 282888
3307		 283207
3308		 283526
3315		 283846
3315		 284166
3316		 284486
3316		 284806
3316		 285126
3319		 285447
3320		 285768
3320		 286089
3321		 286410
3327		 286732
3328		 287054
3328		 287376
3332		 287698
3333		 288020
3333		 288342
3338		 288665
3339		 288988
3346		 289311
3347		 289634
3348		 289957
3348		 290280
3349		 290604
3354		 290928
3362		 291252
3363		 291576
3364		 291900
3369		 292227
3370		 292554
3370		 292881
3370		 293208
3373		 293535
3375		 293862
3378		 294190
3381		 294519
3385		 294849
3390		 295179
3391		 295509
3393		 295839
3397		 296169
3398		 296499
3398		 296829
3399		 297159
3400		 297489
3403		 297819
3403		 298149
3403		 298479
3412		 298809
3413		 299139
3415		 299470
3415		 299801
3418		 300134
3418		 300467
3419		 300800
3421		 301133
3422		 301466
3426		 301799
3428		 302133
3428		 302467
3428		 302801
3428		 303135
3435		 303470
3437		 303805
3439		 304141
3441		 304477
3444		 304813
3444		 305149
3445		 305485
3446		 305821
3446		 306157
3446		 306493
3447		 306829
3454		 307167
3458		 307505
3458		 307843
3461		 308182
3461		 308521
3465		 308860
3465		 309199
3469		 309539
3474		 309879
3476		 310219
3480		 310559
3482		 310899
3483		 311239
3484		 311580
3485		 311921
3485		 312262
3486		 312603
3487		 312944
3489		 313285
3491		 313626
3492		 313967
3493		 314308
3494		 314650
3495		 314992
3501		 315335
3501		 315678
3503		 316021
3503		 316364
3506		 316707
3510		 317051
3513		 317396
3515		 317741
3515		 318086
3518		 318432
3519		 318779
3522		 319126
3523		 319473
3524		 319820
3528		 320168
3529		 320516
3532		 320865
3533		 321214
3534		 321563
3537		 321912
3537		 322261
3537		 322610
3538		 322959
3540		 323308
3541		 323657
3542		 324007
3544		 324357
3554		 324707
3555		 325057
3556		 325408
3558		 325759
3558		 326110
3558		 326461
3566		 326813
3566		 327165
3567		 327517
3576		 327869
3579		 328221
3580		 328573
3589		 328926
3590		 329280
3590		 329634
3591		 329988
3593		 330342
3596		 330696
3598		 331050
3604		 331404
3605		 331758
3605		 332112
3606		 332466
3606		 332820
3608		 333174
3610		 333528
3611		 333882
3621		 334238
3623		 334595
3624		 334952
3628		 335309
3630		 335666
3630		 336023
3631		 336380
3633		 336737
3633		 337094
3634		 337451
3637		 337808
3638		 338165
3640		 338522
3642		 338879
3644		 339236
3645		 339593
3645		 339950
3652		 340307
3654		 340664
3658		 341021
3660		 341378
3661		 341735
3661		 342092
3662		 342449
3662		 342806
3666		 343163
3667		 343520
3669		 343877
3669		 344234
3674		 344591
3674		 344948
3677		 345305
3678		 345662
3679		 346019
3681		 346376
3682		 346734
3683		 347093
3683		 347452
3693		 347811
3694		 348170
3694		 348529
3696		 348888
3700		 349247
3700		 349606
3702		 349965
3703		 350324
3705		 350683
3708		 351042
3718		 351402
3720		 351762
3725		 352122
3726		 352482
3726		 352842
3727		 353202
3727		 353562
3731		 353924
3736		 354286
3745		 354650
3748		 355014
3748		 355378
3750		 355742
3757		 356107
3759		 356472
3760		 356837
3760		 357202
3761		 357567
3763		 357932
3764		 358297
3764		 358662
3766		 359027
3766		 359392
3768		 359757
3769		 360123
3770		 360489
3778		 360856
3782		 361223
3785		 361591
3786		 361959
3786		 362327
3787		 362695
3787		 363063
3789		 363432
3790		 363801
3797		 364171
3799		 364541
3804		 364911
3805		 365281
3807		 365651
3810		 366021
3812		 366392
3814		 366764
3817		 367136
3818		 367508
3819		 367880
3823		 368252
3825		 368624
3828		 368998
3828		 369372
3829		 369746
3831		 370120
3832		 370494
3837		 370868
3840		 371242
3842		 371616
3842		 371990
3846		 372364
3847		 372738
3847		 373112
3847		 373486
3849		 373860
3852		 374235
3855		 374610
3856		 374985
3858		 375360
3860		 375736
3861		 376112
3865		 376488
3868		 376865
3870		 377242
3870		 377619
3871		 377996
3872		 378373
3873		 378750
3877		 379128
3878		 379506
3879		 379884
3880		 380262
3880		 380640
3881		 381018
3882		 381397
3882		 381776
3884		 382155
3884		 382534
3885		 382913
3886		 383292
3891		 383672
3899		 384054
3899		 384436
3902		 384818
3904		 385200
3907		 385582
3907		 385964
3908		 386346
3914		 386728
3916		 387110
3917		 387492
3917		 387874
3918		 388256
3919		 388638
3921		 389021
3923		 389405
3924		 389789
3924		 390173
3925		 390557
3931		 390943
3933		 391329
3934		 391715
3938		 392101
3938		 392487
3939		 392873
3939		 393259
3940		 393645
3941		 394032
3942		 394419
3946		 394807
3949		 395195
3950		 395583
3953		 395972
3954		 396361
3956		 396750
3958		 397139
3958		 397528
3960		 397918
3964		 398308
3968		 398698
3969		 399088
3969		 399478
3969		 399868
3970		 400258
3970		 400648
3978		 401039
3979		 401430
3983		 401822
3989		 402214
3990		 402606
3990		 402998
3990		 403390
3994		 403782
3996		 404174
3998		 404567
4003		 404960
4008		 405353
4010		 405746
4011		 406140
4011		 406534
4015		 406928
4017		 407322
4018		 407716
4018		 408110
4026		 408506
4026		 408902
4029		 409298
4030		 409694
4031		 410092
4037		 410490
4039		 410888
4042		 411286
4042		 411684
4045		 412083
4046		 412482
4049		 412882
4055		 413282
4057		 413682
4057		 414082
4062		 414482
4067		 414882
4069		 415283
4069		 415684
4069		 416085
4070		 416486
4070		 416887
4071		 417288
4073		 417689
4080		 418090
4081		 418491
4082		 418893
4082		 419295
4083		 419697
4087		 420099
4088		 420501
4089		 420903
4089		 421305
4091		 421707
4091		 422109
4095		 422511
4096		 422913
4097		 423315
4098		 423717
4098		 424119
4098		 424521
4100		 424924
4100		 425327
4105		 425730
4105		 426133
4107		 426536
4107		 426939
4107		 427342
4109		 427745
4111		 428148
4112		 428551
4112		 428954
4112		 429357
4114		 429760
4122		 430164
4123		 430568
4124		 430972
4125		 431376
4129		 431780
4130		 432184
4131		 432588
4132		 432992
4133		 433396
4136		 433800
4137		 434204
4139		 434608
4140		 435012
4140		 435416
4145		 435820
4146		 436224
4146		 436628
4148		 437032
4149		 437436
4150		 437840
4151		 438244
4154		 438648
4158		 439053
4163		 439458
4165		 439863
4166		 440268
4169		 440673
4171		 441078
4173		 441484
4175		 441890
4180		 442297
4183		 442704
4186		 443111
4187		 443518
4190		 443925
4191		 444332
4193		 444739
4193		 445146
4194		 445553
4200		 445960
4201		 446367
4207		 446774
4207		 447181
4209		 447588
4211		 447995
4212		 448402
4213		 448809
4213		 449216
4213		 449623
4215		 450030
4215		 450437
4218		 450844
4218		 451251
4220		 451658
4221		 452065
4222		 452472
4223		 452879
4223		 453286
4224		 453693
4225		 454100
4225		 454507
4227		 454915
4228		 455323
4230		 455731
4238		 456142
4240		 456553
4255		 456964
4257		 457375
4260		 457787
4260		 458199
4263		 458611
4264		 459023
4267		 459436
4271		 459849
4276		 460262
4279		 460676
4280		 461090
4282		 461504
4284		 461918
4285		 462332
4286		 462747
4289		 463163
4292		 463580
4294		 463998
4295		 464416
4295		 464834
4296		 465252
4298		 465670
4303		 466088
4303		 466506
4303		 466924
4309		 467342
4313		 467761
4314		 468180
4315		 468599
4315		 469018
4316		 469437
4317		 469856
4317		 470275
4319		 470694
4319		 471113
4323		 471532
4324		 471951
4328		 472371
4328		 472791
4329		 473211
4335		 473631
4337		 474051
4340		 474472
4342		 474894
4347		 475317
4349		 475740
4349		 476163
4350		 476586
4350		 477009
4353		 477432
4358		 477855
4363		 478278
4364		 478701
4365		 479124
4366		 479547
4367		 479970
4369		 480393
4373		 480817
4375		 481241
4385		 481665
4387		 482089
4389		 482513
4393		 482937
4396		 483362
4398		 483787
4400		 484212
4401		 484637
4403		 485062
4406		 485487
4409		 485912
4410		 486337
4410		 486762
4412		 487187
4415		 487613
4416		 488039
4417		 488465
4417		 488891
4418		 489317
4421		 489743
4422		 490170
4425		 490597
4428		 491025
4428		 491453
4435		 491882
4435		 492311
4437		 492740
4439		 493169
4442		 493598
4443		 494027
4446		 494457
4446		 494887
4447		 495317
4447		 495747
4447		 496177
4451		 496607
4453		 497037
4454		 497467
4455		 497897
4461		 498327
4461		 498757
4462		 499187
4462		 499617
4463		 500047
4465		 500477
4465		 500907
4465		 501337
4466		 501767
4471		 502197
4471		 502627
4472		 503058
4477		 503489
4478		 503920
4481		 504351
4485		 504783
4485		 505215
4486		 505647
4487		 506079
4488		 506511
4488		 506943
4491		 507375
4492		 507807
4492		 508239
4495		 508671
4495		 509103
4495		 509535
4506		 509969
4506		 510403
4509		 510837
4510		 511271
4511		 511705
4513		 512139
4522		 512573
4522		 513007
4523		 513441
4523		 513875
4524		 514309
4525		 514744
4526		 515179
4526		 515614
4527		 516049
4528		 516484
4529		 516919
4529		 517354
4532		 517789
4535		 518224
4536		 518659
4537		 519094
4537		 519529
4538		 519964
4542		 520400
4543		 520836
4544		 521272
4545		 521708
4547		 522144
4548		 522580
4551		 523016
4554		 523453
4555		 523890
4556		 524327
4561		 524764
4562		 525201
4564		 525638
4565		 526075
4569		 526514
4571		 526954
4573		 527394
4576		 527834
4581		 528275
4581		 528716
4583		 529157
4584		 529599
4585		 530041
4589		 530484
4589		 530927
4592		 531370
4595		 531813
4600		 532257
4602		 532701
4602		 533145
4604		 533590
4604		 534035
4605		 534480
4607		 534925
4619		 535371
4623		 535817
4625		 536263
4626		 536709
4628		 537155
4628		 537601
4635		 538047
4635		 538493
4636		 538939
4641		 539386
4641		 539833
4643		 540280
4646		 540727
4646		 541174
4647		 541621
4650		 542068
4650		 542515
4656		 542963
4657		 543411
4660		 543859
4660		 544307
4660		 544755
4662		 545203
4664		 545651
4667		 546099
4672		 546547
4672		 546995
4673		 547443
4673		 547891
4674		 548339
4680		 548788
4680		 549237
4680		 549686
4681		 550135
4682		 550584
4682		 551033
4683		 551482
4683		 551931
4684		 552381
4684		 552831
4685		 553281
4687		 553731
4687		 554181
4689		 554631
4693		 555081
4695		 555531
4696		 555981
4697		 556431
4697		 556881
4700		 557331
4702		 557781
4702		 558231
4710		 558681
4712		 559131
4718		 559582
4718		 560033
4719		 560484
4721		 560935
4721		 561386
4723		 561837
4725		 562288
4728		 562739
4729		 563190
4731		 563642
4732		 564094
4733		 564546
4735		 564998
4736		 565450
4739		 565902
4741		 566354
4746		 566806
4746		 567258
4753		 567710
4758		 568162
4759		 568614
4762		 569066
4763		 569519
4768		 569972
4771		 570426
4773		 570880
4774		 571334
4777		 571788
4777		 572242
4779		 572696
4779		 573150
4780		 573604
4782		 574058
4786		 574512
4788		 574966
4788		 575420
4790		 575875
4791		 576330
4794		 576785
4795		 577241
4797		 577697
4800		 578153
4801		 578609
4802		 579065
4811		 579521
4812		 579977
4813		 580434
4813		 580891
4814		 581348
4814		 581805
4815		 582262
4819		 582720
4821		 583179
4823		 583639
4825		 584099
4826		 584559
4826		 585019
4828		 585479
4829		 585939
4830		 586399
4831		 586859
4831		 587319
4833		 587779
4833		 588239
4835		 588699
4839		 589159
4840		 589619
4844		 590079
4852		 590540
4853		 591001
4854		 591462
4856		 591923
4861		 592385
4861		 592847
4862		 593309
4863		 593771
4864		 594233
4865		 594695
4872		 595157
4872		 595619
4874		 596081
4876		 596543
4876		 597005
4882		 597468
4882		 597931
4883		 598394
4884		 598857
4887		 599320
4887		 599783
4893		 600247
4893		 600711
4896		 601175
4896		 601639
4899		 602103
4901		 602567
4901		 603031
4902		 603495
4902		 603959
4908		 604424
4909		 604889
4911		 605354
4913		 605819
4917		 606286
4918		 606753
4919		 607221
4931		 607691
4932		 608161
4937		 608631
4944		 609101
4945		 609571
4946		 610042
4946		 610513
4947		 610984
4949		 611455
4949		 611926
4949		 612397
4951		 612868
4956		 613339
4956		 613810
4959		 614281
4966		 614752
4967		 615223
4967		 615694
4967		 616165
4968		 616636
4969		 617107
4969		 617578
4969		 618049
4974		 618520
4976		 618991
4976		 619462
4978		 619934
4981		 620406
4982		 620878
4985		 621351
4986		 621824
4987		 622297
4995		 622771
4996		 623245
4996		 623719
5002		 624194
5004		 624669
5005		 625144
5008		 625619
5011		 626094
5012		 626570
5013		 627046
5014		 627522
5015		 627998
5017		 628474
5018		 628950
5018		 629426
5018		 629902
5023		 630380
5026		 630858
5027		 631336
5027		 631814
5031		 632292
5032		 632770
5033		 633248
5037		 633726
5037		 634204
5038		 634682
5042		 635160
5043		 635638
5046		 636116
5047		 636594
5054		 637073
5055		 637553
5056		 638034
5056		 638515
5057		 638996
5057		 639477
5058		 639959
5062		 640442
5063		 640925
5066		 641408
5069		 641891
5073		 642374
5079		 642857
5080		 643340
5082		 643824
5083		 644309
5090		 644795
5096		 645281
5097		 645767
5098		 646253
5100		 646739
5104		 647226
5107		 647714
5107		 648202
5108		 648690
5109		 649178
5109		 649666
5112		 650154
5113		 650642
5115		 651130
5115		 651618
5122		 652107
5122		 652596
5128		 653086
5128		 653576
5131		 654067
5135		 654558
5139		 655049
5139		 655540
5140		 656031
5143		 656522
5146		 657013
5148		 657505
5150		 657997
5153		 658490
5154		 658984
5154		 659478
5154		 659972
5155		 660466
5159		 660960
5160		 661454
5162		 661948
5164		 662442
5165		 662936
5166		 663430
5169		 663924
5170		 664418
5171		 664912
5173		 665407
5176		 665902
5177		 666397
5181		 666892
5185		 667387
5186		 667882
5190		 668378
5191		 668874
5191		 669370
5191		 669866
5192		 670362
5193		 670858
5195		 671355
5196		 671852
5205		 672352
5205		 672852
5205		 673352
5205		 673852
5206		 674352
5213		 674854
5215		 675356
5216		 675858
5218		 676361
5220		 676865
5220		 677369
5220		 677873
5222		 678377
5223		 678881
5226		 679386
5227		 679891
5229		 680396
5229		 680901
5230		 681406
5231		 681911
5233		 682416
5235		 682921
5236		 683426
5238		 683932
5244		 684439
5246		 684946
5247		 685453
5247		 685960
5249		 686467
5250		 686974
5253		 687481
5257		 687988
5258		 688495
5259		 689002
5260		 689509
5260		 690016
5260		 690523
5265		 691030
5269		 691538
5270		 692046
5275		 692555
5277		 693064
5279		 693573
5280		 694082
5281		 694591
5286		 695100
5287		 695609
5288		 696118
5289		 696627
5290		 697136
5290		 697645
5290		 698154
5291		 698663
5292		 699172
5296		 699681
5304		 700190
5305		 700699
5307		 701209
5308		 701719
5314		 702229
5315		 702739
5316		 703249
5318		 703759
5323		 704270
5325		 704781
5325		 705292
5325		 705803
5326		 706315
5327		 706827
5328		 707339
5329		 707851
5329		 708363
5332		 708875
5336		 709388
5336		 709901
5338		 710414
5339		 710927
5340		 711440
5344		 711955
5347		 712470
5351		 712986
5351		 713502
5352		 714018
5353		 714534
5354		 715050
5356		 715566
5357		 716082
5358		 716598
5358		 717114
5360		 717630
5361		 718146
5361		 718662
5365		 719179
5366		 719696
5366		 720213
5367		 720730
5368		 721248
5371		 721767
5374		 722286
5375		 722805
5380		 723325
5381		 723845
5382		 724365
5382		 724885
5383		 725405
5387		 725927
5388		 726449
5389		 726971
5389		 727493
5391		 728015
5393		 728537
5394		 729059
5396		 729581
5397		 730103
5400		 730625
5404		 731148
5404		 731671
5405		 732196
5407		 732721
5407		 733246
5409		 733772
5411		 734298
5412		 734824
5412		 735350
5413		 735876
5415		 736402
5417		 736928
5421		 737454
5424		 737982
5428		 738511
5429		 739040
5431		 739569
5432		 740098
5435		 740629
5439		 741161
5444		 741693
5445		 742225
5449		 742757
5450		 743289
5451		 743821
5451		 744353
5457		 744885
5458		 745417
5458		 745949
5462		 746481
5463		 747013
5464		 747545
5469		 748077
5472		 748609
5474		 749141
5482		 749673
5482		 750205
5483		 750737
5483		 751269
5484		 751801
5487		 752334
5488		 752867
5489		 753400
5490		 753933
5494		 754466
5497		 754999
5500		 755533
5504		 756067
5506		 756601
5507		 757135
5508		 757669
5508		 758203
5509		 758737
5510		 759271
5510		 759805
5511		 760339
5511		 760873
5512		 761407
5513		 761941
5515		 762475
5518		 763009
5520		 763543
5523		 764077
5526		 764611
5533		 765146
5533		 765681
5538		 766216
5539		 766751
5540		 767286
5542		 767821
5544		 768357
5545		 768893
5546		 769429
5548		 769965
5550		 770501
5551		 771038
5554		 771575
5557		 772112
5559		 772649
5562		 773186
5562		 773723
5565		 774260
5567		 774797
5568		 775334
5572		 775873
5573		 776412
5575		 776951
5587		 777492
5587		 778033
5588		 778574
5591		 779116
5591		 779658
5591		 780200
5593		 780742
5594		 781284
5595		 781826
5601		 782368
5603		 782910
5605		 783452
5608		 783994
5609		 784536
5609		 785078
5611		 785620
5612		 786162
5617		 786704
5622		 787246
5624		 787788
5625		 788331
5625		 788874
5626		 789417
5630		 789961
5631		 790506
5633		 791051
5634		 791596
5638		 792141
5643		 792687
5644		 793233
5651		 793780
5655		 794327
5657		 794874
5657		 795421
5657		 795968
5658		 796515
5661		 797062
5662		 797610
5667		 798158
5668		 798707
5669		 799256
5673		 799805
5673		 800354
5676		 800903
5677		 801452
5679		 802001
5680		 802550
5688		 803099
5690		 803648
5695		 804198
5700		 804748
5704		 805298
5706		 805848
5709		 806398
5710		 806948
5710		 807498
5721		 808050
5723		 808602
5725		 809154
5727		 809706
5727		 810258
5733		 810812
5735		 811366
5735		 811920
5736		 812474
5737		 813029
5738		 813584
5738		 814139
5739		 814694
5740		 815249
5740		 815804
5740		 816359
5740		 816914
5741		 817469
5742		 818024
5743		 818579
5743		 819134
5744		 819689
5745		 820244
5745		 820799
5746		 821354
5749		 821910
5751		 822466
5752		 823022
5753		 823578
5755		 824134
5760		 824690
5764		 825247
5765		 825804
5767		 826361
5770		 826918
5771		 827475
5772		 828033
5774		 828591
5776		 829150
5776		 829709
5776		 830268
5777		 830828
5786		 831389
5786		 831950
5786		 832511
5789		 833073
5789		 833635
5793		 834198
5797		 834762
5800		 835327
5802		 835892
5804		 836457
5805		 837022
5807		 837588
5811		 838154
5811		 838720
5812		 839286
5812		 839852
5815		 840418
5820		 840985
5820		 841552
5824		 842121
5825		 842690
5827		 843259
5829		 843828
5834		 844398
5839		 844968
5841		 845538
5843		 846108
5844		 846678
5852		 847249
5853		 847820
5856		 848391
5858		 848964
5859		 849537
5861		 850110
5861		 850683
5866		 851256
5871		 851829
5872		 852402
5873		 852975
5875		 853548
5876		 854121
5879		 854694
5879		 855267
5879		 855840
5883		 856413
5889		 856987
5892		 857561
5893		 858135
5895		 858710
5898		 859285
5900		 859860
5903		 860435
5904		 861010
5905		 861585
5905		 862160
5907		 862735
5909		 863310
5910		 863885
5913		 864460
5914		 865035
5916		 865610
5917		 866185
5917		 866760
5921		 867335
5927		 867910
5927		 868485
5930		 869061
5932		 869637
5935		 870213
5941		 870791
5941		 871369
5945		 871947
5946		 872525
5948		 873103
5949		 873681
5950		 874259
5951		 874837
5953		 875415
5955		 875993
5960		 876571
5969		 877149
5972		 877727
5974		 878305
5975		 878883
5978		 879462
5978		 880041
5979		 880620
5979		 881199
5979		 881778
5981		 882357
5981		 882936
5984		 883515
5986		 884095
5987		 884675
5988		 885255
5991		 885837
5994		 886419
5994		 887001
5995		 887584
5997		 888167
5998		 888750
6003		 889333
6007		 889916
6008		 890499
6008		 891082
6009		 891665
6009		 892248
6010		 892831
6021		 893414
6022		 893997
6023		 894580
6026		 895163
6032		 895747
6034		 896331
6034		 896915
6035		 897499
6036		 898083
6038		 898667
6039		 899251
6046		 899837
6050		 900423
6052		 901009
6052		 901595
6053		 902181
6055		 902767
6057		 903353
6058		 903940
6064		 904528
6065		 905116
6066		 905704
6066		 906292
6066		 906880
6067		 907468
6070		 908056
6071		 908644
6071		 909232
6072		 909820
6072		 910408
6083		 910997
6083		 911586
6088		 912176
6092		 912767
6092		 913358
6095		 913949
6101		 914540
6101		 915131
6104		 915722
6104		 916313
6107		 916904
6109		 917495
6110		 918086
6118		 918677
6123		 919269
6124		 919861
6125		 920454
6127		 921047
6128		 921642
6128		 922237
6128		 922832
6129		 923427
6130		 924022
6130		 924617
6131		 925212
6131		 925807
6134		 926402
6135		 926997
6136		 927592
6138		 928187
6141		 928783
6141		 929379
6142		 929975
6143		 930571
6145		 931168
6146		 931765
6147		 932362
6149		 932959
6149		 933556
6151		 934153
6151		 934750
6156		 935347
6157		 935944
6158		 936542
6162		 937141
6168		 937740
6169		 938339
6169		 938938
6169		 939537
6170		 940136
6174		 940735
6174		 941334
6175		 941933
6178		 942532
6180		 943131
6180		 943730
6181		 944329
6181		 944928
6189		 945527
6196		 946128
6196		 946729
6197		 947330
6197		 947931
6202		 948532
6204		 949133
6210		 949734
6214		 950335
6215		 950936
6216		 951537
6217		 952138
6218		 952739
6220		 953341
6221		 953943
6224		 954545
6224		 955147
6225		 955749
6226		 956351
6227		 956954
6228		 957557
6228		 958160
6229		 958764
6229		 959368
6230		 959973
6234		 960578
6234		 961183
6234		 961788
6238		 962393
6239		 962998
6240		 963603
6240		 964208
6242		 964813
6242		 965418
6242		 966023
6243		 966628
6246		 967233
6249		 967839
6250		 968446
6251		 969053
6252		 969660
6252		 970267
6254		 970874
6255		 971481
6256		 972088
6257		 972695
6258		 973302
6259		 973909
6260		 974516
6263		 975123
6264		 975730
6264		 976337
6264		 976944
6267		 977551
6270		 978158
6271		 978765
6274		 979373
6276		 979981
6277		 980589
6284		 981197
6286		 981805
6289		 982413
6289		 983021
6290		 983629
6295		 984237
6296		 984845
6298		 985453
6299		 986061
6300		 986669
6305		 987278
6306		 987887
6307		 988496
6311		 989106
6312		 989716
6312		 990326
6317		 990937
6317		 991548
6319		 992159
6323		 992770
6327		 993381
6330		 993994
6332		 994607
6335		 995220
6336		 995834
6339		 996448
6340		 997062
6341		 997677
6342		 998292
6343		 998909
6347		 999526
6348		1000143
6350		1000761
6353		1001379
6354		1001997
6355		1002615
6356		1003234
6358		1003853
6358		1004472
6360		1005091
6364		1005710
6364		1006329
6366		1006948
6368		1007568
6368		1008188
6371		1008808
6375		1009428
6380		1010049
6381		1010670
6382		1011291
6382		1011912
6384		1012533
6386		1013154
6386		1013775
6387		1014396
6387		1015017
6387		1015638
6388		1016259
6388		1016880
6391		1017501
6392		1018122
6396		1018743
6404		1019365
6408		1019987
6409		1020609
6410		1021231
6411		1021853
6413		1022475
6414		1023098
6421		1023721
6422		1024344
6423		1024967
6424		1025590
6426		1026213
6426		1026836
6428		1027459
6429		1028082
6429		1028705
6429		1029328
6431		1029953
6432		1030579
6433		1031205
6439		1031832
6440		1032459
6440		1033086
6441		1033713
6442		1034340
6444		1034967
6445		1035594
6446		1036222
6446		1036850
6447		1037478
6448		1038106
6448		1038734
6449		1039362
6449		1039990
6450		1040618
6451		1041246
6454		1041874
6456		1042502
6457		1043130
6461		1043758
6463		1044386
6463		1045014
6465		1045642
6466		1046270
6466		1046898
6467		1047527
6468		1048156
6469		1048785
6471		1049414
6473		1050043
6476		1050672
6480		1051301
6484		1051930
6487		1052559
6487		1053188
6488		1053817
6489		1054446
6493		1055076
6496		1055706
6498		1056336
6499		1056966
6499		1057596
6503		1058226
6504		1058857
6505		1059488
6506		1060120
6506		1060752
6508		1061384
6508		1062016
6508		1062648
6509		1063280
6510		1063912
6513		1064544
6518		1065176
6522		1065808
6527		1066440
6528		1067072
6534		1067705
6537		1068338
6538		1068971
6541		1069605
6545		1070239
6546		1070873
6548		1071507
6549		1072141
6550		1072775
6554		1073410
6554		1074045
6555		1074680
6557		1075315
6560		1075950
6561		1076585
6567		1077220
6567		1077855
6569		1078490
6571		1079125
6572		1079760
6575		1080395
6576		1081030
6577		1081665
6579		1082300
6580		1082935
6584		1083571
6585		1084207
6585		1084843
6585		1085479
6586		1086115
6590		1086751
6590		1087387
6595		1088025
6596		1088663
6607		1089302
6614		1089943
6614		1090584
6615		1091225
6616		1091866
6617		1092507
6617		1093148
6618		1093789
6619		1094430
6620		1095072
6620		1095714
6621		1096357
6624		1097001
6626		1097645
6628		1098289
6628		1098933
6629		1099577
6630		1100221
6631		1100865
6632		1101509
6632		1102153
6634		1102797
6636		1103441
6636		1104085
6640		1104729
6644		1105374
6645		1106019
6647		1106664
6647		1107309
6647		1107954
6649		1108599
6649		1109244
6650		1109890
6652		1110537
6653		1111185
6656		1111833
6657		1112481
6660		1113130
6663		1113779
6664		1114428
6665		1115077
6667		1115726
6667		1116375
6675		1117024
6676		1117673
6677		1118322
6679		1118971
6681		1119620
6683		1120270
6687		1120920
6687		1121570
6687		1122220
6688		1122870
6692		1123520
6699		1124170
6700		1124820
6701		1125470
6701		1126120
6704		1126770
6704		1127420
6707		1128070
6709		1128721
6709		1129372
6711		1130024
6712		1130676
6718		1131330
6728		1131985
6733		1132642
6734		1133299
6737		1133956
6737		1134613
6742		1135270
6743		1135927
6746		1136584
6748		1137241
6748		1137898
6753		1138556
6753		1139214
6754		1139872
6757		1140530
6757		1141188
6758		1141846
6763		1142505
6763		1143164
6764		1143824
6766		1144484
6766		1145144
6766		1145804
6768		1146464
6768		1147124
6768		1147784
6770		1148444
6771		1149104
6773		1149764
6776		1150424
6780		1151085
6782		1151746
6784		1152407
6788		1153070
6790		1153733
6790		1154396
6794		1155059
6796		1155722
6797		1156385
6797		1157048
6799		1157711
6803		1158374
6803		1159037
6814		1159701
6819		1160366
6821		1161031
6825		1161696
6826		1162361
6827		1163026
6828		1163691
6829		1164356
6829		1165021
6829		1165686
6832		1166351
6833		1167016
6835		1167681
6837		1168347
6837		1169013
6838		1169679
6839		1170345
6842		1171012
6845		1171679
6847		1172346
6848		1173013
6850		1173680
6850		1174347
6853		1175015
6855		1175683
6856		1176351
6857		1177020
6865		1177690
6865		1178360
6868		1179030
6868		1179700
6868		1180370
6870		1181040
6872		1181710
6872		1182380
6873		1183050
6873		1183720
6876		1184391
6885		1185063
6892		1185736
6894		1186410
6894		1187084
6896		1187758
6896		1188432
6898		1189106
6898		1189780
6898		1190454
6901		1191128
6906		1191802
6908		1192476
6911		1193150
6912		1193824
6914		1194498
6914		1195172
6925		1195848
6927		1196524
6929		1197200
6931		1197876
6931		1198552
6938		1199229
6939		1199906
6942		1200583
6945		1201260
6946		1201937
6947		1202614
6948		1203291
6950		1203969
6951		1204648
6952		1205327
6956		1206006
6956		1206685
6958		1207364
6965		1208044
6966		1208725
6966		1209406
6969		1210087
6974		1210769
6975		1211451
6977		1212133
6977		1212815
6978		1213497
6980		1214179
6984		1214862
6984		1215545
6987		1216228
6989		1216912
6989		1217596
6989		1218280
6994		1218965
6997		1219652
6997		1220339
7001		1221026
7004		1221713
7005		1222400
7007		1223087
7009		1223774
7016		1224461
7016		1225148
7019		1225836
7022		1226524
7022		1227212
7023		1227900
7027		1228588
7032		1229276
7035		1229965
7036		1230654
7037		1231343
7038		1232032
7039		1232721
7040		1233410
7041		1234099
7042		1234788
7043		1235477
7046		1236166
7046		1236855
7051		1237544
7051		1238233
7051		1238922
7052		1239611
7055		1240300
7057		1240989
7057		1241678
7059		1242368
7060		1243058
7063		1243748
7069		1244438
7069		1245128
7070		1245818
7071		1246508
7074		1247198
7080		1247888
7086		1248580
7088		1249272
7089		1249965
7092		1250659
7094		1251353
7096		1252047
7096		1252741
7106		1253435
7107		1254129
7108		1254823
7111		1255517
7114		1256211
7119		1256905
7123		1257599
7124		1258293
7125		1258987
7126		1259681
7126		1260375
7127		1261069
7131		1261763
7134		1262458
7135		1263153
7137		1263848
7138		1264543
7140		1265238
7140		1265933
7140		1266628
7140		1267323
7141		1268018
7142		1268713
7142		1269408
7151		1270103
7155		1270798
7161		1271493
7161		1272188
7163		1272883
7166		1273578
7172		1274273
7177		1274968
7177		1275663
7180		1276359
7183		1277055
7183		1277751
7184		1278447
7184		1279143
7186		1279839
7191		1280536
7192		1281233
7193		1281930
7194		1282627
7195		1283324
7198		1284021
7200		1284719
7203		1285417
7205		1286115
7207		1286814
7208		1287513
7209		1288212
7215		1288911
7216		1289610
7218		1290310
7219		1291010
7223		1291710
7223		1292410
7224		1293110
7226		1293810
7227		1294510
7227		1295210
7231		1295910
7235		1296610
7236		1297310
7241		1298010
7241		1298710
7242		1299410
7243		1300110
7247		1300810
7247		1301510
7249		1302210
7249		1302910
7250		1303610
7257		1304311
7259		1305012
7265		1305713
7267		1306414
7271		1307116
7274		1307818
7276		1308520
7279		1309224
7280		1309928
7281		1310632
7283		1311337
7287		1312044
7289		1312751
7290		1313458
7293		1314165
7294		1314872
7300		1315579
7302		1316287
7303		1316995
7304		1317703
7307		1318411
7308		1319119
7308		1319827
7315		1320536
7315		1321245
7319		1321954
7320		1322663
7324		1323373
7329		1324083
7329		1324793
7329		1325503
7329		1326213
7330		1326923
7330		1327633
7332		1328343
7334		1329053
7339		1329764
7339		1330475
7340		1331186
7344		1331898
7344		1332610
7346		1333322
7350		1334034
7351		1334746
7354		1335458
7354		1336170
7357		1336882
7360		1337594
7361		1338306
7362		1339018
7363		1339730
7364		1340442
7366		1341154
7367		1341866
7367		1342578
7371		1343291
7374		1344006
7377		1344722
7377		1345438
7385		1346154
7394		1346871
7394		1347588
7395		1348305
7395		1349022
7396		1349739
7396		1350456
7397		1351173
7397		1351890
7402		1352608
7405		1353326
7408		1354044
7408		1354762
7409		1355480
7412		1356198
7413		1356916
7415		1357634
7418		1358352
7422		1359070
7422		1359788
7423		1360506
7428		1361224
7428		1361942
7433		1362660
7433		1363378
7436		1364096
7440		1364814
7441		1365532
7441		1366250
7442		1366968
7446		1367687
7450		1368406
7451		1369125
7453		1369844
7454		1370563
7455		1371282
7457		1372001
7458		1372721
7458		1373441
7458		1374161
7459		1374881
7460		1375601
7464		1376322
7466		1377043
7467		1377764
7470		1378487
7472		1379210
7478		1379933
7479		1380656
7480		1381379
7481		1382102
7483		1382825
7484		1383549
7486		1384273
7487		1384997
7491		1385724
7494		1386451
7495		1387178
7495		1387905
7497		1388632
7498		1389359
7500		1390086
7501		1390813
7502		1391540
7503		1392267
7507		1392995
7508		1393723
7509		1394451
7510		1395179
7515		1395907
7521		1396636
7522		1397365
7523		1398095
7526		1398827
7528		1399559
7529		1400291
7531		1401023
7532		1401755
7534		1402487
7536		1403219
7537		1403951
7538		1404683
7538		1405415
7540		1406148
7540		1406881
7540		1407614
7541		1408347
7542		1409080
7543		1409813
7546		1410546
7549		1411279
7553		1412012
7563		1412748
7565		1413484
7565		1414220
7565		1414956
7566		1415692
7567		1416428
7569		1417165
7570		1417902
7571		1418639
7572		1419376
7575		1420113
7578		1420850
7581		1421587
7581		1422324
7582		1423061
7582		1423798
7583		1424535
7583		1425272
7586		1426009
7589		1426747
7591		1427485
7596		1428223
7597		1428961
7597		1429699
7600		1430437
7601		1431175
7602		1431913
7603		1432651
7603		1433389
7603		1434127
7610		1434866
7616		1435605
7618		1436344
7620		1437083
7620		1437822
7622		1438562
7622		1439302
7629		1440043
7630		1440784
7630		1441525
7630		1442266
7633		1443007
7638		1443750
7639		1444493
7639		1445236
7640		1445979
7640		1446722
7645		1447467
7645		1448212
7651		1448958
7654		1449704
7654		1450450
7654		1451196
7655		1451942
7660		1452688
7660		1453434
7660		1454180
7661		1454926
7661		1455672
7662		1456418
7662		1457164
7665		1457910
7666		1458656
7667		1459402
7667		1460148
7668		1460894
7669		1461640
7669		1462386
7669		1463132
7672		1463879
7675		1464627
7675		1465375
7677		1466123
7677		1466871
7681		1467620
7681		1468369
7682		1469118
7683		1469867
7684		1470616
7685		1471366
7685		1472116
7687		1472868
7690		1473620
7690		1474372
7692		1475124
7694		1475876
7694		1476628
7694		1477380
7697		1478132
7698		1478885
7699		1479638
7699		1480391
7705		1481144
7706		1481897
7708		1482650
7710		1483403
7710		1484156
7715		1484910
7716		1485664
7716		1486418
7717		1487172
7718		1487926
7719		1488680
7721		1489434
7723		1490190
7724		1490946
7732		1491702
7732		1492458
7734		1493215
7736		1493972
7737		1494729
7744		1495488
7746		1496247
7750		1497006
7752		1497765
7752		1498524
7753		1499283
7755		1500043
7756		1500803
7757		1501563
7759		1502323
7760		1503083
7762		1503843
7764		1504604
7771		1505369
7773		1506134
7774		1506899
7775		1507664
7776		1508429
7779		1509194
7779		1509959
7783		1510724
7783		1511489
7792		1512254
7793		1513019
7795		1513785
7797		1514552
7797		1515319
7799		1516086
7803		1516853
7803		1517620
7805		1518387
7806		1519154
7808		1519921
7809		1520688
7811		1521455
7811		1522222
7813		1522989
7814		1523756
7817		1524524
7822		1525293
7824		1526062
7827		1526831
7828		1527600
7829		1528370
7832		1529140
7834		1529910
7835		1530680
7836		1531450
7841		1532220
7843		1532990
7845		1533760
7849		1534530
7850		1535300
7851		1536070
7853		1536840
7854		1537610
7854		1538380
7857		1539151
7863		1539923
7869		1540696
7869		1541469
7873		1542242
7875		1543015
7877		1543788
7878		1544561
7878		1545334
7882		1546107
7883		1546880
7884		1547653
7885		1548426
7886		1549199
7889		1549973
7891		1550747
7892		1551521
7893		1552295
7902		1553069
7902		1553843
7904		1554617
7911		1555391
7914		1556165
7916		1556939
7917		1557713
7918		1558488
7919		1559263
7927		1560038
7930		1560813
7934		1561588
7934		1562363
7935		1563138
7937		1563913
7944		1564688
7945		1565463
7946		1566238
7949		1567013
7950		1567788
7953		1568563
7958		1569340
7959		1570117
7964		1570894
7964		1571671
7967		1572448
7970		1573225
7971		1574002
7971		1574779
7973		1575557
7981		1576335
7983		1577115
7983		1577895
7984		1578675
7986		1579455
7988		1580235
7989		1581016
7990		1581797
7991		1582578
7994		1583359
7998		1584140
7998		1584921
8000		1585702
8003		1586483
8003		1587264
8004		1588045
8009		1588827
8010		1589609
8011		1590391
8012		1591173
8014		1591955
8017		1592737
8018		1593519
8019		1594301
8020		1595083
8023		1595865
8023		1596647
8023		1597429
8032		1598215
8046		1599003
8050		1599792
8051		1600582
8051		1601372
8053		1602162
8053		1602952
8055		1603742
8055		1604532
8060		1605322
8061		1606112
8064		1606902
8070		1607693
8074		1608484
8075		1609275
8075		1610066
8075		1610857
8078		1611648
8078		1612439
8082		1613230
8088		1614022
8089		1614814
8094		1615606
8095		1616399
8098		1617193
8106		1617987
8107		1618781
8107		1619575
8109		1620369
8111		1621164
8112		1621959
8116		1622754
8121		1623550
8121		1624346
8123		1625142
8127		1625938
8129		1626734
8129		1627530
8131		1628327
8131		1629124
8132		1629921
8138		1630718
8142		1631516
8144		1632315
8145		1633114
8146		1633913
8147		1634712
8149		1635511
8151		1636311
8153		1637111
8155		1637911
8155		1638711
8156		1639511
8156		1640311
8157		1641111
8158		1641912
8159		1642713
8159		1643514
8160		1644315
8164		1645116
8165		1645917
8167		1646718
8179		1647520
8182		1648323
8184		1649126
8185		1649930
8187		1650734
8190		1651539
8191		1652344
8194		1653149
8198		1653954
8202		1654759
8210		1655568
8211		1656377
8215		1657186
8216		1657995
8216		1658804
8223		1659613
8226		1660423
8228		1661233
8229		1662044
8230		1662855
8232		1663666
8232		1664477
8235		1665288
8236		1666100
8236		1666912
8236		1667724
8238		1668536
8241		1669348
8241		1670160
8242		1670972
8244		1671784
8245		1672596
8247		1673408
8250		1674220
8251		1675032
8253		1675844
8254		1676656
8254		1677468
8257		1678280
8258		1679092
8260		1679904
8260		1680716
8261		1681528
8263		1682340
8263		1683152
8263		1683964
8264		1684776
8264		1685588
8270		1686400
8275		1687214
8276		1688028
8279		1688842
8280		1689656
8282		1690470
8287		1691287
8289		1692104
8290		1692921
8291		1693738
8295		1694555
8296		1695372
8302		1696189
8305		1697006
8311		1697823
8313		1698640
8315		1699457
8316		1700275
8317		1701093
8319		1701911
8320		1702729
8323		1703547
8325		1704366
8326		1705185
8329		1706004
8337		1706824
8337		1707644
8338		1708464
8339		1709285
8341		1710106
8341		1710927
8341		1711748
8342		1712569
8346		1713390
8347		1714211
8347		1715032
8355		1715853
8364		1716676
8364		1717499
8365		1718322
8368		1719146
8370		1719970
8370		1720794
8371		1721618
8377		1722442
8380		1723267
8383		1724093
8386		1724919
8388		1725745
8390		1726571
8392		1727398
8394		1728225
8394		1729052
8397		1729879
8398		1730706
8399		1731534
8399		1732362
8399		1733190
8399		1734018
8401		1734846
8401		1735674
8403		1736502
8403		1737330
8408		1738158
8411		1738986
8414		1739815
8415		1740644
8416		1741473
8417		1742302
8417		1743131
8421		1743961
8422		1744791
8425		1745621
8425		1746451
8425		1747281
8427		1748111
8427		1748941
8428		1749771
8428		1750601
8430		1751431
8432		1752261
8433		1753091
8435		1753921
8437		1754751
8440		1755581
8444		1756412
8445		1757244
8446		1758076
8446		1758908
8447		1759740
8447		1760572
8447		1761404
8448		1762236
8449		1763068
8450		1763900
8466		1764735
8466		1765570
8468		1766405
8469		1767240
8472		1768075
8473		1768910
8473		1769745
8474		1770580
8474		1771415
8480		1772250
8480		1773085
8480		1773920
8481		1774755
8482		1775590
8484		1776425
8484		1777260
8486		1778095
8487		1778930
8488		1779765
8491		1780601
8498		1781437
8499		1782273
8499		1783109
8500		1783945
8501		1784781
8502		1785617
8505		1786453
8506		1787289
8507		1788126
8509		1788963
8514		1789800
8520		1790638
8520		1791476
8525		1792315
8530		1793154
8531		1793993
8534		1794832
8539		1795673
8540		1796514
8542		1797355
8543		1798197
8545		1799039
8548		1799881
8549		1800723
8557		1801565
8560		1802407
8564		1803249
8566		1804091
8569		1804934
8573		1805778
8582		1806625
8582		1807472
8585		1808319
8585		1809166
8585		1810013
8586		1810860
8589		1811708
8592		1812556
8594		1813405
8602		1814254
8605		1815103
8608		1815953
8609		1816803
8613		1817654
8616		1818505
8616		1819356
8617		1820207
8620		1821058
8623		1821909
8623		1822760
8624		1823611
8626		1824463
8627		1825316
8627		1826169
8627		1827022
8628		1827876
8628		1828730
8630		1829584
8632		1830438
8634		1831292
8635		1832146
8641		1833000
8644		1833854
8651		1834708
8652		1835562
8654		1836416
8654		1837270
8656		1838124
8656		1838978
8661		1839834
8664		1840690
8668		1841546
8671		1842402
8673		1843258
8673		1844114
8674		1844970
8675		1845826
8678		1846682
8680		1847538
8681		1848394
8681		1849250
8685		1850106
8689		1850962
8693		1851819
8693		1852676
8696		1853533
8697		1854390
8697		1855247
8698		1856104
8702		1856963
8704		1857822
8704		1858681
8705		1859540
8707		1860399
8709		1861258
8711		1862117
8714		1862977
8717		1863837
8718		1864697
8718		1865557
8721		1866418
8723		1867280
8724		1868142
8726		1869004
8726		1869866
8726		1870728
8732		1871590
8735		1872452
8736		1873314
8738		1874177
8743		1875040
8746		1875903
8751		1876766
8751		1877629
8752		1878492
8759		1879355
8762		1880218
8762		1881081
8764		1881944
8766		1882807
8766		1883670
8775		1884533
8777		1885397
8777		1886261
8780		1887126
8780		1887991
8780		1888856
8784		1889721
8784		1890586
8784		1891451
8785		1892316
8789		1893181
8790		1894046
8790		1894911
8791		1895776
8793		1896641
8799		1897507
8800		1898373
8802		1899239
8803		1900105
8810		1900973
8812		1901841
8814		1902709
8816		1903578
8817		1904447
8820		1905317
8823		1906187
8823		1907057
8824		1907927
8825		1908797
8825		1909667
8826		1910538
8826		1911409
8828		1912280
8830		1913152
8834		1914024
8835		1914896
8836		1915768
8837		1916640
8837		1917512
8837		1918384
8837		1919256
8846		1920129
8847		1921002
8849		1921875
8849		1922748
8850		1923621
8852		1924495
8856		1925369
8858		1926243
8859		1927118
8860		1927993
8860		1928868
8861		1929744
8861		1930620
8863		1931496
8863		1932372
8863		1933248
8864		1934124
8865		1935000
8865		1935876
8866		1936752
8871		1937628
8872		1938504
8874		1939381
8875		1940258
8877		1941135
8878		1942012
8879		1942889
8883		1943766
8893		1944643
8894		1945520
8897		1946397
8897		1947274
8898		1948151
8901		1949030
8902		1949909
8906		1950789
8908		1951669
8911		1952549
8916		1953429
8917		1954309
8920		1955189
8921		1956069
8922		1956949
8923		1957829
8924		1958709
8924		1959589
8925		1960469
8927		1961349
8929		1962230
8936		1963112
8940		1963994
8941		1964876
8942		1965758
8942		1966640
8943		1967522
8944		1968404
8952		1969288
8953		1970172
8954		1971056
8957		1971942
8960		1972828
8962		1973714
8966		1974600
8967		1975486
8967		1976372
8968		1977258
8970		1978145
8971		1979032
8972		1979919
8976		1980806
8977		1981694
8978		1982583
8979		1983472
8980		1984361
8980		1985250
8984		1986140
8986		1987030
8988		1987921
8989		1988812
8990		1989703
8993		1990594
8995		1991486
8995		1992378
8999		1993271
9003		1994164
9004		1995057
9010		1995951
9012		1996845
9012		1997739
9013		1998633
9015		1999527
9017		2000422
9019		2001317
9021		2002212
9022		2003108
9023		2004004
9027		2004900
9038		2005797
9041		2006694
9053		2007592
9058		2008490
9060		2009388
9062		2010286
9067		2011184
9072		2012082
9074		2012980
9078		2013878
9079		2014776
9080		2015674
9081		2016573
9083		2017472
9085		2018371
9088		2019271
9088		2020171
9090		2021071
9091		2021971
9091		2022871
9093		2023771
9094		2024671
9095		2025571
9095		2026471
9100		2027372
9109		2028274
9111		2029176
9112		2030078
9115		2030981
9117		2031884
9117		2032787
9118		2033691
9120		2034595
9124		2035500
9126		2036406
9128		2037313
9129		2038220
9129		2039127
9130		2040034
9131		2040941
9134		2041848
9136		2042756
9137		2043664
9141		2044572
9144		2045480
9145		2046388
9145		2047296
9147		2048204
9153		2049113
9153		2050022
9154		2050931
9154		2051840
9154		2052749
9156		2053658
9157		2054567
9157		2055476
9161		2056387
9164		2057298
9168		2058209
9168		2059120
9170		2060031
9174		2060944
9174		2061857
9185		2062772
9189		2063688
9189		2064604
9189		2065520
9192		2066436
9192		2067352
9195		2068268
9196		2069184
9196		2070100
9199		2071016
9202		2071932
9202		2072848
9204		2073764
9204		2074680
9205		2075597
9207		2076514
9210		2077432
9213		2078352
9216		2079273
9221		2080195
9222		2081117
9224		2082039
9226		2082962
9227		2083885
9232		2084810
9234		2085735
9240		2086660
9242		2087585
9245		2088510
9246		2089435
9253		2090361
9255		2091287
9257		2092213
9257		2093139
9259		2094065
9260		2094991
9260		2095917
9264		2096844
9265		2097771
9267		2098698
9269		2099625
9270		2100552
9277		2101479
9278		2102406
9279		2103333
9281		2104260
9282		2105187
9287		2106114
9291		2107041
9291		2107968
9292		2108896
9294		2109825
9294		2110754
9294		2111683
9295		2112612
9299		2113542
9300		2114474
9300		2115406
9300		2116338
9304		2117271
9304		2118204
9305		2119137
9307		2120070
9315		2121004
9316		2121938
9317		2122872
9319		2123806
9321		2124741
9325		2125676
9325		2126611
9325		2127546
9325		2128481
9326		2129416
9327		2130351
9330		2131286
9332		2132221
9334		2133156
9334		2134091
9337		2135027
9339		2135963
9339		2136899
9339		2137835
9341		2138771
9342		2139707
9343		2140643
9346		2141579
9347		2142515
9348		2143451
9348		2144387
9349		2145323
9353		2146259
9355		2147195
9356		2148132
9358		2149069
9358		2150006
9361		2150943
9361		2151880
9363		2152817
9364		2153754
9366		2154692
9369		2155631
9370		2156570
9370		2157509
9372		2158448
9373		2159387
9375		2160326
9379		2161265
9385		2162206
9388		2163147
9389		2164088
9389		2165029
9390		2165970
9391		2166912
9397		2167854
9398		2168796
9401		2169738
9401		2170680
9403		2171622
9403		2172564
9405		2173506
9409		2174448
9410		2175390
9416		2176334
9419		2177278
9421		2178222
9422		2179166
9423		2180110
9426		2181054
9428		2181999
9428		2182944
9429		2183889
9430		2184834
9432		2185779
9433		2186724
9433		2187669
9439		2188616
9439		2189563
9440		2190510
9443		2191458
9445		2192407
9445		2193356
9447		2194305
9448		2195254
9451		2196203
9451		2197152
9451		2198101
9453		2199050
9455		2199999
9458		2200948
9460		2201897
9462		2202846
9464		2203795
9465		2204744
9465		2205693
9467		2206642
9468		2207591
9469		2208540
9474		2209490
9476		2210440
9476		2211390
9481		2212341
9484		2213292
9484		2214243
9484		2215194
9490		2216146
9492		2217098
9492		2218050
9494		2219002
9497		2219954
9499		2220907
9501		2221860
9503		2222813
9507		2223767
9515		2224722
9516		2225677
9517		2226632
9518		2227587
9518		2228542
9519		2229497
9519		2230452
9524		2231407
9528		2232362
9530		2233320
9531		2234278
9531		2235236
9532		2236194
9533		2237152
9535		2238110
9538		2239068
9539		2240026
9540		2240984
9540		2241942
9542		2242900
9545		2243858
9551		2244816
9552		2245774
9554		2246732
9556		2247690
9559		2248648
9559		2249606
9559		2250564
9560		2251522
9560		2252480
9561		2253438
9562		2254396
9563		2255354
9563		2256312
9566		2257270
9569		2258229
9571		2259188
9574		2260147
9576		2261106
9586		2262066
9587		2263026
9589		2263986
9591		2264946
9591		2265906
9593		2266866
9598		2267827
9600		2268788
9602		2269749
9609		2270710
9611		2271672
9613		2272634
9613		2273596
9615		2274559
9617		2275522
9619		2276486
9619		2277450
9626		2278414
9631		2279378
9633		2280343
9634		2281309
9634		2282275
9638		2283241
9639		2284207
9639		2285173
9639		2286139
9640		2287105
9643		2288071
9644		2289037
9649		2290003
9651		2290969
9659		2291935
9663		2292901
9664		2293867
9672		2294834
9673		2295802
9675		2296770
9676		2297738
9677		2298707
9679		2299676
9680		2300645
9683		2301614
9690		2302586
9693		2303558
9701		2304530
9703		2305502
9706		2306474
9709		2307448
9710		2308422
9710		2309396
9716		2310370
9718		2311344
9719		2312318
9722		2313292
9729		2314266
9730		2315240
9730		2316214
9735		2317188
9741		2318162
9747		2319137
9752		2320112
9755		2321088
9755		2322064
9759		2323041
9759		2324018
9762		2324996
9762		2325974
9764		2326952
9765		2327930
9772		2328908
9773		2329887
9776		2330866
9776		2331845
9777		2332824
9780		2333803
9781		2334782
9789		2335762
9790		2336742
9791		2337722
9793		2338702
9802		2339683
9802		2340664
9807		2341647
9807		2342630
9809		2343613
9810		2344596
9812		2345580
9815		2346564
9818		2347548
9818		2348532
9819		2349516
9826		2350500
9829		2351484
9831		2352468
9832		2353452
9833		2354436
9833		2355420
9835		2356404
9838		2357388
9844		2358373
9846		2359358
9847		2360343
9848		2361329
9848		2362315
9849		2363302
9851		2364289
9851		2365276
9853		2366263
9859		2367250
9868		2368239
9873		2369228
9875		2370217
9875		2371206
9876		2372195
9877		2373184
9877		2374173
9878		2375162
9879		2376151
9883		2377140
9884		2378129
9884		2379118
9885		2380107
9888		2381096
9888		2382085
9889		2383074
9895		2384063
9895		2385052
9899		2386041
9901		2387030
9906		2388021
9912		2389014
9913		2390007
9915		2391000
9920		2391994
9923		2392988
9923		2393982
9927		2394976
9927		2395970
9928		2396964
9937		2397962
9938		2398960
9939		2399958
9939		2400956
9942		2401954
9943		2402952
9944		2403950
9944		2404948
9946		2405946
9948		2406944
9949		2407942
9950		2408940
9954		2409938
9955		2410936
9957		2411935
9958		2412934
9958		2413933
9960		2414933
9962		2415933
9963		2416933
9966		2417933
9967		2418933
9969		2419933
9970		2420933
9972		2421933
9972		2422933
9972		2423933
9976		2424933
9979		2425933
9982		2426933
9986		2427933
9986		2428933
9992		2429933
